0.001,0.189632,0.189627,138.777,138.763
0.002,0.328409,0.32839,111.542,111.521
0.003,0.439951,0.439911,93.9486,93.9208
0.004,0.5339,0.533832,81.4681,81.434
0.005,0.615368,0.615266,72.0839,72.0437
0.006,0.687452,0.68731,64.7375,64.6915
0.007,0.75219,0.752001,58.8128,58.7609
0.008,0.811002,0.810762,53.9232,53.8657
0.009,0.864926,0.864628,49.8133,49.7501
0.01,0.914739,0.914378,46.3063,46.2376
0.011,0.961045,0.960616,43.2761,43.2019
0.012,1.00432,1.00382,40.6298,40.5501
0.013,1.04495,1.04437,38.2976,38.2124
0.014,1.08325,1.08258,36.2256,36.1351
0.015,1.11947,1.11872,34.3721,34.2762
0.016,1.15385,1.15299,32.7036,32.6024
0.017,1.18655,1.18559,31.1934,31.0869
0.018,1.21774,1.21668,29.8197,29.7078
0.019,1.24756,1.24639,28.5645,28.4474
0.02,1.27613,1.27484,27.413,27.2905
0.021,1.30354,1.30213,26.3526,26.2249
0.022,1.32989,1.32835,25.3729,25.2399
0.023,1.35527,1.35359,24.4648,24.3266
0.024,1.37973,1.37792,23.6207,23.4773
0.025,1.40335,1.4014,22.8341,22.6854
0.026,1.42619,1.42408,22.0991,21.9453
0.027,1.44828,1.44603,21.4109,21.2518
0.028,1.4697,1.46728,20.7649,20.6007
0.029,1.49046,1.48788,20.1576,19.9881
0.03,1.51062,1.50787,19.5853,19.4107
0.031,1.5302,1.52728,19.0453,18.8655
0.032,1.54925,1.54614,18.5347,18.3497
0.033,1.56778,1.56449,18.0513,17.8611
0.034,1.58583,1.58235,17.5929,17.3976
0.035,1.60343,1.59975,17.1576,16.9571
0.036,1.62059,1.61671,16.7437,16.538
0.037,1.63733,1.63325,16.3497,16.1388
0.038,1.65368,1.64939,15.9741,15.7581
0.039,1.66965,1.66514,15.6156,15.3945
0.04,1.68527,1.68054,15.2732,15.0469
0.041,1.70054,1.69558,14.9458,14.7143
0.042,1.71549,1.7103,14.6323,14.3957
0.043,1.73012,1.72469,14.3319,14.0902
0.044,1.74445,1.73878,14.0439,13.797
0.045,1.7585,1.75258,13.7674,13.5154
0.046,1.77226,1.7661,13.5018,13.2446
0.047,1.78576,1.77934,13.2464,12.9841
0.048,1.79901,1.79233,13.0007,12.7333
0.049,1.81201,1.80506,12.7641,12.4916
0.05,1.82478,1.81755,12.5362,12.2585
0.051,1.83731,1.82981,12.3164,12.0336
0.052,1.84963,1.84184,12.1043,11.8163
0.053,1.86173,1.85366,11.8995,11.6065
0.054,1.87363,1.86527,11.7017,11.4035
0.055,1.88533,1.87667,11.5106,11.2072
0.056,1.89684,1.88788,11.3256,11.0172
0.057,1.90817,1.89889,11.1467,10.8331
0.058,1.91932,1.90973,10.9734,10.6547
0.059,1.93029,1.92038,10.8056,10.4817
0.06,1.9411,1.93086,10.6429,10.3139
0.061,1.95174,1.94118,10.4852,10.1511
0.062,1.96222,1.95133,10.3322,9.99294
0.0629999,1.97256,1.96132,10.1836,9.8393
0.064,1.98274,1.97116,10.0394,9.68997
0.065,1.99278,1.98085,9.89936,9.54477
0.066,2.00268,1.9904,9.76323,9.40352
0.067,2.01244,1.9998,9.63089,9.26605
0.068,2.02207,2.00906,9.50217,9.13221
0.069,2.03158,2.0182,9.37694,9.00186
0.07,2.04095,2.0272,9.25506,8.87485
0.071,2.05021,2.03607,9.13638,8.75105
0.072,2.05934,2.04482,9.0208,8.63034
0.073,2.06836,2.05346,8.90818,8.51259
0.074,2.07727,2.06197,8.79842,8.3977
0.075,2.08607,2.07037,8.6914,8.28556
0.076,2.09476,2.07865,8.58704,8.17607
0.077,2.10335,2.08683,8.48522,8.06913
0.078,2.11183,2.0949,8.38586,7.96464
0.079,2.12022,2.10286,8.28888,7.86253
0.08,2.12851,2.11072,8.19418,7.7627
0.081,2.1367,2.11849,8.10169,7.66508
0.082,2.14481,2.12615,8.01133,7.56959
0.083,2.15282,2.13372,7.92303,7.47616
0.084,2.16074,2.1412,7.83672,7.38472
0.085,2.16858,2.14858,7.75234,7.2952
0.086,2.17633,2.15588,7.66981,7.20755
0.087,2.184,2.16308,7.58909,7.12169
0.088,2.19159,2.17021,7.51011,7.03757
0.089,2.1991,2.17724,7.43281,6.95514
0.09,2.20653,2.1842,7.35715,6.87434
0.091,2.21389,2.19107,7.28307,6.79512
0.092,2.22117,2.19787,7.21053,6.71744
0.093,2.22838,2.20459,7.13947,6.64124
0.094,2.23552,2.21123,7.06985,6.56648
0.095,2.24259,2.21779,7.00164,6.49312
0.096,2.24959,2.22429,6.93478,6.42112
0.097,2.25653,2.23071,6.86924,6.35043
0.098,2.2634,2.23706,6.80497,6.28102
0.099,2.2702,2.24334,6.74196,6.21286
0.1,2.27694,2.24955,6.68015,6.1459
0.101,2.28362,2.2557,6.61951,6.08011
0.102,2.29024,2.26178,6.56001,6.01546
0.103,2.2968,2.26779,6.50162,5.95192
0.104,2.3033,2.27375,6.44432,5.88946
0.105,2.30975,2.27963,6.38806,5.82804
0.106,2.31614,2.28546,6.33282,5.76764
0.107,2.32247,2.29123,6.27857,5.70824
0.108,2.32875,2.29694,6.2253,5.6498
0.109,2.33497,2.30259,6.17296,5.59231
0.11,2.34115,2.30818,6.12154,5.53573
0.111,2.34727,2.31372,6.07102,5.48004
0.112,2.35334,2.3192,6.02137,5.42522
0.113,2.35936,2.32462,5.97257,5.37125
0.114,2.36533,2.32999,5.92459,5.3181
0.115,2.37126,2.33531,5.87742,5.26576
0.116,2.37713,2.34058,5.83104,5.21421
0.117,2.38297,2.34579,5.78543,5.16342
0.118,2.38875,2.35095,5.74057,5.11338
0.119,2.39449,2.35607,5.69644,5.06407
0.12,2.40019,2.36113,5.65302,5.01548
0.121,2.40584,2.36615,5.6103,4.96757
0.122,2.41145,2.37112,5.56826,4.92035
0.123,2.41702,2.37604,5.52688,4.87379
0.124,2.42255,2.38091,5.48615,4.82787
0.125,2.42803,2.38574,5.44606,4.78259
0.126,2.43348,2.39052,5.40659,4.73793
0.127,2.43889,2.39526,5.36772,4.69387
0.128,2.44425,2.39995,5.32945,4.6504
0.129,2.44958,2.4046,5.29175,4.6075
0.13,2.45487,2.40921,5.25462,4.56517
0.131,2.46013,2.41377,5.21804,4.5234
0.132,2.46535,2.4183,5.18201,4.48216
0.133,2.47053,2.42278,5.1465,4.44145
0.134,2.47568,2.42722,5.11152,4.40126
0.135,2.48079,2.43162,5.07704,4.36157
0.136,2.48586,2.43598,5.04306,4.32238
0.137,2.49091,2.44031,5.00956,4.28367
0.138,2.49592,2.44459,4.97654,4.24543
0.139,2.50089,2.44884,4.94399,4.20766
0.14,2.50584,2.45304,4.91189,4.17035
0.141,2.51075,2.45721,4.88024,4.13347
0.142,2.51563,2.46135,4.84903,4.09704
0.143,2.52048,2.46544,4.81825,4.06103
0.144,2.5253,2.46951,4.78789,4.02544
0.145,2.53008,2.47353,4.75794,3.99026
0.146,2.53484,2.47752,4.72839,3.95548
0.147,2.53957,2.48148,4.69924,3.9211
0.148,2.54427,2.4854,4.67048,3.8871
0.149,2.54894,2.48928,4.6421,3.85348
0.15,2.55358,2.49314,4.6141,3.82023
0.151,2.5582,2.49696,4.58646,3.78735
0.152,2.56278,2.50075,4.55918,3.75482
0.153,2.56734,2.5045,4.53225,3.72264
0.154,2.57187,2.50822,4.50567,3.69081
0.155,2.57638,2.51191,4.47942,3.65931
0.156,2.58086,2.51557,4.45351,3.62815
0.157,2.58531,2.5192,4.42793,3.5973
0.158,2.58974,2.5228,4.40267,3.56678
0.159,2.59414,2.52637,4.37772,3.53657
0.16,2.59852,2.5299,4.35309,3.50667
0.161,2.60287,2.53341,4.32875,3.47707
0.162,2.6072,2.53689,4.30472,3.44776
0.163,2.61151,2.54033,4.28098,3.41875
0.164,2.61579,2.54375,4.25752,3.39002
0.165,2.62005,2.54714,4.23435,3.36157
0.166,2.62428,2.5505,4.21146,3.33339
0.167,2.62849,2.55384,4.18884,3.30549
0.168,2.63268,2.55714,4.16649,3.27785
0.169,2.63685,2.56042,4.1444,3.25047
0.17,2.64099,2.56367,4.12257,3.22335
0.171,2.64511,2.56689,4.101,3.19649
0.172,2.64922,2.57009,4.07968,3.16986
0.173,2.6533,2.57326,4.0586,3.14349
0.174,2.65735,2.5764,4.03776,3.11735
0.175,2.66139,2.57952,4.01717,3.09145
0.176,2.66541,2.58261,3.9968,3.06578
0.177,2.66941,2.58568,3.97667,3.04034
0.178,2.67338,2.58872,3.95676,3.01512
0.179,2.67734,2.59173,3.93708,2.99012
0.18,2.68128,2.59472,3.91762,2.96533
0.181,2.68519,2.59769,3.89837,2.94076
0.182,2.68909,2.60063,3.87933,2.9164
0.183,2.69297,2.60355,3.8605,2.89225
0.184,2.69683,2.60644,3.84188,2.8683
0.185,2.70067,2.60931,3.82346,2.84455
0.186,2.7045,2.61215,3.80524,2.82099
0.187,2.7083,2.61497,3.78722,2.79763
0.188,2.71209,2.61777,3.76938,2.77446
0.189,2.71586,2.62055,3.75174,2.75147
0.19,2.71961,2.6233,3.73429,2.72867
0.191,2.72335,2.62603,3.71702,2.70605
0.192,2.72706,2.62873,3.69993,2.68361
0.193,2.73076,2.63142,3.68301,2.66134
0.194,2.73445,2.63408,3.66628,2.63925
0.195,2.73811,2.63672,3.64972,2.61733
0.196,2.74176,2.63933,3.63333,2.59557
0.197,2.74539,2.64193,3.6171,2.57398
0.198,2.74901,2.6445,3.60104,2.55255
0.199,2.75261,2.64706,3.58515,2.53129
0.2,2.7562,2.64959,3.56942,2.51018
0.201,2.75977,2.6521,3.55384,2.48922
0.202,2.76332,2.65459,3.53842,2.46842
0.203,2.76686,2.65705,3.52315,2.44777
0.204,2.77038,2.6595,3.50804,2.42727
0.205,2.77389,2.66193,3.49307,2.40692
0.206,2.77738,2.66434,3.47826,2.38671
0.207,2.78086,2.66672,3.46358,2.36664
0.208,2.78433,2.66909,3.44905,2.34671
0.209,2.78777,2.67144,3.43467,2.32692
0.21,2.79121,2.67376,3.42042,2.30727
0.211,2.79463,2.67607,3.4063,2.28775
0.212,2.79804,2.67836,3.39233,2.26836
0.213,2.80143,2.68063,3.37848,2.24911
0.214,2.80481,2.68288,3.36477,2.22998
0.215,2.80817,2.68511,3.35119,2.21098
0.216,2.81152,2.68732,3.33774,2.1921
0.217,2.81486,2.68951,3.32441,2.17335
0.218,2.81819,2.69168,3.3112,2.15471
0.219,2.8215,2.69384,3.29812,2.1362
0.22,2.82479,2.69597,3.28516,2.11781
0.221,2.82808,2.69809,3.27232,2.09953
0.222,2.83135,2.70019,3.2596,2.08137
0.223,2.83461,2.70227,3.24699,2.06332
0.224,2.83786,2.70433,3.2345,2.04538
0.225,2.84109,2.70638,3.22212,2.02755
0.226,2.84432,2.70841,3.20986,2.00983
0.227,2.84753,2.71042,3.1977,1.99222
0.228,2.85072,2.71241,3.18565,1.97472
0.229,2.85391,2.71438,3.17371,1.95731
0.23,2.85708,2.71634,3.16188,1.94002
0.231,2.86024,2.71828,3.15015,1.92282
0.232,2.86339,2.7202,3.13852,1.90572
0.233,2.86653,2.72211,3.127,1.88872
0.234,2.86966,2.724,3.11558,1.87183
0.235,2.87278,2.72587,3.10425,1.85502
0.236,2.87588,2.72773,3.09303,1.83831
0.237,2.87897,2.72956,3.0819,1.8217
0.238,2.88205,2.73139,3.07086,1.80518
0.239,2.88513,2.73319,3.05992,1.78875
0.24,2.88819,2.73498,3.04908,1.77241
0.241,2.89123,2.73675,3.03833,1.75616
0.242,2.89427,2.73851,3.02766,1.73999
0.243,2.8973,2.74025,3.01709,1.72392
0.244,2.90032,2.74197,3.00661,1.70793
0.245,2.90332,2.74368,2.99621,1.69202
0.246,2.90632,2.74537,2.9859,1.6762
0.247,2.90931,2.74705,2.97568,1.66046
0.248,2.91228,2.74871,2.96554,1.6448
0.249,2.91525,2.75035,2.95548,1.62922
0.25,2.9182,2.75198,2.94551,1.61372
0.251,2.92115,2.7536,2.93561,1.5983
0.252,2.92408,2.7552,2.9258,1.58296
0.253,2.92701,2.75678,2.91607,1.5677
0.254,2.92993,2.75835,2.90641,1.55251
0.255,2.93283,2.7599,2.89684,1.53739
0.256,2.93573,2.76144,2.88734,1.52235
0.257,2.93862,2.76296,2.87791,1.50738
0.258,2.94149,2.76447,2.86856,1.49248
0.259,2.94436,2.76596,2.85929,1.47766
0.26,2.94722,2.76744,2.85008,1.4629
0.261,2.95007,2.7689,2.84095,1.44821
0.262,2.95291,2.77035,2.83189,1.4336
0.263,2.95575,2.77178,2.8229,1.41905
0.264,2.95857,2.7732,2.81399,1.40456
0.265,2.96138,2.7746,2.80514,1.39014
0.266,2.96419,2.77599,2.79635,1.37579
0.267,2.96698,2.77737,2.78764,1.36151
0.268,2.96977,2.77873,2.77899,1.34728
0.269,2.97255,2.78008,2.77041,1.33312
0.27,2.97532,2.78141,2.76189,1.31902
0.271,2.97808,2.78273,2.75344,1.30498
0.272,2.98084,2.78404,2.74505,1.29101
0.273,2.98358,2.78533,2.73672,1.27709
0.274,2.98632,2.7866,2.72846,1.26324
0.275,2.98905,2.78787,2.72025,1.24944
0.276,2.99177,2.78912,2.71211,1.2357
0.277,2.99448,2.79035,2.70403,1.22201
0.278,2.99718,2.79157,2.696,1.20839
0.279,2.99988,2.79278,2.68804,1.19482
0.28,3.00257,2.79398,2.68013,1.1813
0.281,3.00525,2.79516,2.67228,1.16784
0.282,3.00792,2.79633,2.66449,1.15444
0.283,3.01058,2.79748,2.65675,1.14109
0.284,3.01324,2.79862,2.64907,1.12779
0.285,3.01589,2.79975,2.64144,1.11454
0.286,3.01853,2.80086,2.63387,1.10134
0.287,3.02116,2.80197,2.62635,1.0882
0.288,3.02379,2.80305,2.61888,1.07511
0.289,3.02641,2.80413,2.61147,1.06206
0.29,3.02902,2.80519,2.60411,1.04907
0.291,3.03163,2.80624,2.59679,1.03612
0.292,3.03422,2.80728,2.58953,1.02323
0.293,3.03681,2.8083,2.58232,1.01038
0.294,3.03939,2.80931,2.57516,0.997575
0.295,3.04197,2.81031,2.56805,0.98482
0.296,3.04454,2.81129,2.56099,0.972111
0.297,3.0471,2.81226,2.55397,0.959448
0.298,3.04965,2.81322,2.54701,0.946831
0.299,3.0522,2.81417,2.54008,0.934258
0.3,3.05474,2.8151,2.53321,0.921729
0.301,3.05727,2.81603,2.52638,0.909245
0.302,3.0598,2.81694,2.5196,0.896803
0.303,3.06232,2.81783,2.51286,0.884405
0.304,3.06483,2.81872,2.50617,0.872049
0.305,3.06734,2.81959,2.49952,0.859735
0.306,3.06984,2.82045,2.49291,0.847462
0.307,3.07233,2.8213,2.48634,0.835231
0.308,3.07482,2.82213,2.47982,0.82304
0.309,3.0773,2.82295,2.47334,0.81089
0.31,3.07977,2.82377,2.46691,0.798779
0.311,3.08224,2.82456,2.46051,0.786708
0.312,3.0847,2.82535,2.45415,0.774676
0.313,3.08715,2.82613,2.44784,0.762682
0.314,3.0896,2.82689,2.44156,0.750727
0.314999,3.09204,2.82764,2.43532,0.738809
0.315999,3.09448,2.82838,2.42913,0.726929
0.316999,3.0969,2.8291,2.42297,0.715086
0.317999,3.09933,2.82982,2.41685,0.703279
0.318999,3.10174,2.83052,2.41076,0.691509
0.319999,3.10416,2.83121,2.40472,0.679775
0.320999,3.10656,2.83189,2.39871,0.668076
0.321999,3.10896,2.83256,2.39274,0.656412
0.322999,3.11135,2.83322,2.3868,0.644784
0.323999,3.11374,2.83386,2.3809,0.63319
0.324999,3.11612,2.8345,2.37503,0.62163
0.325999,3.11849,2.83512,2.3692,0.610104
0.326999,3.12086,2.83573,2.3634,0.598611
0.327999,3.12323,2.83633,2.35764,0.587151
0.328999,3.12558,2.83691,2.35191,0.575725
0.329999,3.12794,2.83749,2.34622,0.564331
0.330999,3.13028,2.83805,2.34056,0.552969
0.331999,3.13262,2.83861,2.33493,0.541639
0.332999,3.13496,2.83915,2.32933,0.530341
0.333999,3.13729,2.83968,2.32377,0.519074
0.334999,3.13961,2.8402,2.31823,0.507838
0.335999,3.14193,2.84071,2.31273,0.496633
0.336999,3.14424,2.8412,2.30726,0.485458
0.337999,3.14655,2.84169,2.30182,0.474313
0.338999,3.14885,2.84216,2.29641,0.463199
0.339999,3.15115,2.84263,2.29103,0.452114
0.340999,3.15344,2.84308,2.28568,0.441058
0.341999,3.15572,2.84352,2.28036,0.430031
0.342999,3.158,2.84395,2.27507,0.419033
0.343999,3.16028,2.84437,2.26981,0.408064
0.344999,3.16255,2.84478,2.26457,0.397123
0.345999,3.16481,2.84517,2.25937,0.38621
0.346999,3.16707,2.84556,2.25419,0.375324
0.347999,3.16933,2.84593,2.24904,0.364467
0.348999,3.17158,2.8463,2.24391,0.353636
0.349999,3.17382,2.84665,2.23881,0.342833
0.350999,3.17606,2.847,2.23374,0.332057
0.351999,3.17829,2.84733,2.2287,0.321307
0.352999,3.18052,2.84765,2.22368,0.310583
0.353999,3.18275,2.84796,2.21869,0.299886
0.354999,3.18496,2.84826,2.21372,0.289214
0.355999,3.18718,2.84855,2.20878,0.278569
0.356999,3.18939,2.84883,2.20386,0.267949
0.357999,3.19159,2.8491,2.19897,0.257354
0.358999,3.19379,2.84935,2.1941,0.246784
0.359999,3.19598,2.8496,2.18926,0.236239
0.360999,3.19817,2.84984,2.18443,0.225719
0.361999,3.20036,2.85006,2.17964,0.215223
0.362999,3.20254,2.85028,2.17486,0.204752
0.363999,3.20471,2.85048,2.17011,0.194305
0.364999,3.20688,2.85068,2.16538,0.183881
0.365999,3.20905,2.85086,2.16068,0.173482
0.366999,3.21121,2.85103,2.156,0.163106
0.367999,3.21336,2.8512,2.15133,0.152753
0.368999,3.21552,2.85135,2.14669,0.142423
0.369999,3.21766,2.85149,2.14208,0.132117
0.370999,3.2198,2.85162,2.13748,0.121833
0.371999,3.22194,2.85175,2.1329,0.111573
0.372999,3.22407,2.85186,2.12835,0.101334
0.373999,3.2262,2.85196,2.12381,0.0911184
0.374999,3.22833,2.85205,2.1193,0.0809247
0.375999,3.23045,2.85213,2.1148,0.0707531
0.376999,3.23256,2.8522,2.11033,0.0606033
0.377999,3.23467,2.85226,2.10587,0.0504754
0.378999,3.23678,2.85231,2.10144,0.0403691
0.379999,3.23888,2.85235,2.09702,0.0302842
0.380999,3.24098,2.85238,2.09262,0.0202207
0.381999,3.24307,2.8524,2.08824,0.0101784
0.382999,3.24516,2.85241,2.08388,0.000157141
0.383999,3.24724,2.85241,2.07954,-0.00984319
0.384999,3.24932,2.8524,2.07521,-0.0198227
0.385999,3.2514,2.85238,2.07091,-0.0297816
0.386999,3.25347,2.85235,2.06662,-0.0397199
0.387999,3.25553,2.85231,2.06235,-0.0496378
0.388999,3.25759,2.85226,2.05809,-0.0595354
0.389999,3.25965,2.85221,2.05385,-0.0694128
0.390999,3.26171,2.85214,2.04963,-0.0792702
0.391998,3.26376,2.85206,2.04543,-0.0891076
0.392998,3.2658,2.85197,2.04124,-0.0989251
0.393998,3.26784,2.85187,2.03707,-0.108723
0.394998,3.26988,2.85176,2.03291,-0.118501
0.395998,3.27191,2.85164,2.02877,-0.12826
0.396998,3.27394,2.85151,2.02465,-0.137999
0.397998,3.27597,2.85137,2.02054,-0.147719
0.398998,3.27799,2.85123,2.01645,-0.15742
0.399998,3.28,2.85107,2.01237,-0.167101
0.400998,3.28202,2.8509,2.00831,-0.176764
0.401998,3.28402,2.85073,2.00426,-0.186408
0.402998,3.28603,2.85054,2.00022,-0.196032
0.403998,3.28803,2.85034,1.9962,-0.205638
0.404998,3.29002,2.85014,1.9922,-0.215226
0.405998,3.29202,2.84992,1.98821,-0.224794
0.406998,3.29401,2.8497,1.98423,-0.234345
0.407998,3.29599,2.84946,1.98026,-0.243876
0.408998,3.29797,2.84922,1.97631,-0.25339
0.409998,3.29995,2.84897,1.97237,-0.262885
0.410998,3.30192,2.8487,1.96845,-0.272362
0.411998,3.30389,2.84843,1.96454,-0.281821
0.412998,3.30585,2.84815,1.96064,-0.291261
0.413998,3.30781,2.84786,1.95675,-0.300684
0.414998,3.30977,2.84756,1.95288,-0.310089
0.415998,3.31172,2.84725,1.94902,-0.319476
0.416998,3.31367,2.84693,1.94517,-0.328845
0.417998,3.31562,2.8466,1.94133,-0.338196
0.418998,3.31756,2.84626,1.9375,-0.347529
0.419998,3.31949,2.84591,1.93369,-0.356845
0.420998,3.32143,2.84556,1.92989,-0.366144
0.421998,3.32336,2.84519,1.9261,-0.375425
0.422998,3.32528,2.84481,1.92232,-0.384688
0.423998,3.32721,2.84443,1.91855,-0.393934
0.424998,3.32913,2.84404,1.91479,-0.403162
0.425998,3.33104,2.84363,1.91104,-0.412373
0.426998,3.33295,2.84322,1.90731,-0.421567
0.427998,3.33486,2.8428,1.90358,-0.430744
0.428998,3.33676,2.84237,1.89987,-0.439903
0.429998,3.33866,2.84193,1.89616,-0.449045
0.430998,3.34056,2.84148,1.89247,-0.45817
0.431998,3.34245,2.84102,1.88878,-0.467278
0.432998,3.34434,2.84055,1.88511,-0.476369
0.433998,3.34622,2.84008,1.88144,-0.485442
0.434998,3.34811,2.83959,1.87779,-0.494499
0.435998,3.34998,2.8391,1.87414,-0.503539
0.436998,3.35186,2.83859,1.8705,-0.512562
0.437998,3.35373,2.83808,1.86688,-0.521568
0.438998,3.3556,2.83756,1.86326,-0.530557
0.439998,3.35746,2.83703,1.85965,-0.539529
0.440998,3.35932,2.83649,1.85605,-0.548484
0.441998,3.36117,2.83594,1.85245,-0.557423
0.442998,3.36303,2.83538,1.84887,-0.566344
0.443998,3.36488,2.83482,1.8453,-0.575249
0.444998,3.36672,2.83424,1.84173,-0.584137
0.445998,3.36856,2.83366,1.83817,-0.593009
0.446998,3.3704,2.83307,1.83462,-0.601863
0.447998,3.37224,2.83246,1.83108,-0.610701
0.448998,3.37407,2.83185,1.82754,-0.619522
0.449998,3.37589,2.83123,1.82402,-0.628327
0.450998,3.37772,2.8306,1.8205,-0.637115
0.451998,3.37954,2.82997,1.81699,-0.645886
0.452998,3.38136,2.82932,1.81348,-0.65464
0.453998,3.38317,2.82867,1.80999,-0.663378
0.454998,3.38498,2.828,1.8065,-0.672099
0.455998,3.38679,2.82733,1.80302,-0.680804
0.456998,3.38859,2.82665,1.79954,-0.689492
0.457998,3.39039,2.82596,1.79607,-0.698163
0.458998,3.39218,2.82526,1.79261,-0.706818
0.459998,3.39398,2.82456,1.78916,-0.715456
0.460998,3.39577,2.82384,1.78571,-0.724077
0.461998,3.39755,2.82312,1.78227,-0.732682
0.462998,3.39933,2.82238,1.77883,-0.74127
0.463998,3.40111,2.82164,1.77541,-0.749842
0.464998,3.40289,2.82089,1.77198,-0.758396
0.465998,3.40466,2.82013,1.76857,-0.766935
0.466998,3.40643,2.81937,1.76516,-0.775456
0.467998,3.40819,2.81859,1.76176,-0.783961
0.468998,3.40996,2.81781,1.75836,-0.792449
0.469997,3.41171,2.81702,1.75497,-0.800921
0.470997,3.41347,2.81621,1.75158,-0.809376
0.471997,3.41522,2.81541,1.7482,-0.817814
0.472997,3.41697,2.81459,1.74483,-0.826236
0.473997,3.41871,2.81376,1.74146,-0.834641
0.474997,3.42045,2.81293,1.7381,-0.843029
0.475997,3.42219,2.81208,1.73474,-0.8514
0.476997,3.42393,2.81123,1.73139,-0.859755
0.477997,3.42566,2.81037,1.72804,-0.868093
0.478997,3.42739,2.8095,1.7247,-0.876414
0.479997,3.42911,2.80863,1.72136,-0.884719
0.480997,3.43083,2.80774,1.71803,-0.893007
0.481997,3.43255,2.80685,1.7147,-0.901278
0.482997,3.43427,2.80595,1.71138,-0.909532
0.483997,3.43598,2.80504,1.70807,-0.917769
0.484997,3.43769,2.80412,1.70475,-0.925989
0.485997,3.43939,2.8032,1.70145,-0.934193
0.486997,3.44109,2.80226,1.69814,-0.94238
0.487997,3.44279,2.80132,1.69485,-0.950549
0.488997,3.44448,2.80037,1.69155,-0.958702
0.489997,3.44618,2.79941,1.68826,-0.966838
0.490997,3.44786,2.79844,1.68498,-0.974957
0.491997,3.44955,2.79747,1.6817,-0.983059
0.492997,3.45123,2.79649,1.67842,-0.991144
0.493997,3.45291,2.79549,1.67515,-0.999212
0.494997,3.45458,2.79449,1.67188,-1.00726
0.495997,3.45626,2.79349,1.66862,-1.0153
0.496997,3.45793,2.79247,1.66536,-1.02331
0.497997,3.45959,2.79145,1.66211,-1.03131
0.498997,3.46125,2.79042,1.65886,-1.0393
0.499997,3.46291,2.78938,1.65561,-1.04726
0.500997,3.46457,2.78833,1.65236,-1.05521
0.501997,3.46622,2.78728,1.64912,-1.06314
0.502997,3.46787,2.78621,1.64589,-1.07106
0.503997,3.46951,2.78514,1.64266,-1.07895
0.504997,3.47116,2.78406,1.63943,-1.08683
0.505997,3.4728,2.78298,1.6362,-1.09469
0.506997,3.47443,2.78188,1.63298,-1.10254
0.507997,3.47607,2.78078,1.62977,-1.11037
0.508997,3.4777,2.77967,1.62655,-1.11818
0.509997,3.47932,2.77855,1.62334,-1.12597
0.510997,3.48095,2.77742,1.62013,-1.13375
0.511997,3.48257,2.77629,1.61693,-1.1415
0.512997,3.48418,2.77515,1.61373,-1.14924
0.513997,3.4858,2.774,1.61053,-1.15697
0.514997,3.48741,2.77284,1.60734,-1.16467
0.515997,3.48901,2.77168,1.60415,-1.17236
0.516997,3.49062,2.77051,1.60096,-1.18003
0.517997,3.49222,2.76933,1.59778,-1.18769
0.518997,3.49382,2.76814,1.5946,-1.19532
0.519997,3.49541,2.76694,1.59142,-1.20294
0.520997,3.497,2.76574,1.58824,-1.21054
0.521997,3.49859,2.76453,1.58507,-1.21812
0.522997,3.50018,2.76331,1.5819,-1.22569
0.523997,3.50176,2.76209,1.57874,-1.23323
0.524997,3.50334,2.76085,1.57558,-1.24076
0.525997,3.50491,2.75961,1.57242,-1.24827
0.526997,3.50648,2.75836,1.56926,-1.25577
0.527997,3.50805,2.75711,1.5661,-1.26324
0.528997,3.50962,2.75584,1.56295,-1.2707
0.529997,3.51118,2.75457,1.5598,-1.27814
0.530997,3.51274,2.7533,1.55666,-1.28557
0.531997,3.5143,2.75201,1.55352,-1.29297
0.532997,3.51585,2.75072,1.55038,-1.30036
0.533997,3.5174,2.74942,1.54724,-1.30773
0.534997,3.51895,2.74811,1.54411,-1.31508
0.535997,3.52049,2.74679,1.54097,-1.32241
0.536997,3.52204,2.74547,1.53784,-1.32972
0.537997,3.52357,2.74414,1.53472,-1.33702
0.538997,3.52511,2.7428,1.53159,-1.3443
0.539997,3.52664,2.74146,1.52847,-1.35156
0.540997,3.52817,2.74011,1.52535,-1.3588
0.541997,3.52969,2.73875,1.52224,-1.36603
0.542997,3.53122,2.73738,1.51912,-1.37323
0.543997,3.53274,2.73601,1.51601,-1.38042
0.544997,3.53425,2.73463,1.51291,-1.38759
0.545997,3.53576,2.73324,1.5098,-1.39474
0.546997,3.53727,2.73185,1.5067,-1.40187
0.547997,3.53878,2.73045,1.5036,-1.40899
0.548997,3.54028,2.72904,1.5005,-1.41609
0.549996,3.54178,2.72762,1.4974,-1.42316
0.550996,3.54328,2.7262,1.49431,-1.43022
0.551996,3.54478,2.72477,1.49122,-1.43727
0.552996,3.54627,2.72333,1.48813,-1.44429
0.553996,3.54776,2.72189,1.48504,-1.45129
0.554996,3.54924,2.72043,1.48196,-1.45828
0.555996,3.55072,2.71898,1.47888,-1.46525
0.556996,3.5522,2.71751,1.4758,-1.4722
0.557996,3.55368,2.71604,1.47272,-1.47913
0.558996,3.55515,2.71456,1.46965,-1.48604
0.559996,3.55662,2.71307,1.46658,-1.49294
0.560996,3.55809,2.71158,1.46351,-1.49981
0.561996,3.55955,2.71008,1.46044,-1.50667
0.562996,3.56101,2.70857,1.45738,-1.51351
0.563996,3.56247,2.70706,1.45431,-1.52033
0.564996,3.56392,2.70554,1.45125,-1.52713
0.565996,3.56537,2.70401,1.4482,-1.53391
0.566996,3.56682,2.70248,1.44514,-1.54068
0.567996,3.56827,2.70094,1.44209,-1.54742
0.568996,3.56971,2.69939,1.43904,-1.55415
0.569996,3.57115,2.69784,1.43599,-1.56086
0.570996,3.57258,2.69628,1.43295,-1.56755
0.571996,3.57402,2.69471,1.4299,-1.57422
0.572996,3.57545,2.69313,1.42686,-1.58087
0.573996,3.57687,2.69155,1.42382,-1.5875
0.574996,3.5783,2.68997,1.42079,-1.59412
0.575996,3.57972,2.68837,1.41775,-1.60071
0.576996,3.58114,2.68677,1.41472,-1.60729
0.577996,3.58255,2.68516,1.41169,-1.61385
0.578996,3.58396,2.68355,1.40867,-1.62039
0.579996,3.58537,2.68193,1.40564,-1.62691
0.580996,3.58678,2.6803,1.40262,-1.63341
0.581996,3.58818,2.67867,1.3996,-1.63989
0.582996,3.58958,2.67703,1.39658,-1.64636
0.583996,3.59098,2.67538,1.39357,-1.6528
0.584996,3.59237,2.67373,1.39055,-1.65923
0.585996,3.59376,2.67207,1.38754,-1.66564
0.586996,3.59515,2.67041,1.38453,-1.67203
0.587996,3.59653,2.66873,1.38153,-1.6784
0.588996,3.59791,2.66705,1.37853,-1.68475
0.589996,3.59929,2.66537,1.37553,-1.69108
0.590996,3.60067,2.66368,1.37253,-1.6974
0.591996,3.60204,2.66198,1.36953,-1.70369
0.592996,3.60341,2.66028,1.36654,-1.70997
0.593996,3.60478,2.65857,1.36355,-1.71622
0.594996,3.60614,2.65685,1.36056,-1.72246
0.595996,3.6075,2.65513,1.35757,-1.72868
0.596996,3.60886,2.6534,1.35459,-1.73488
0.597996,3.61021,2.65167,1.3516,-1.74106
0.598996,3.61156,2.64992,1.34863,-1.74723
0.599996,3.61291,2.64818,1.34565,-1.75337
0.600996,3.61426,2.64642,1.34268,-1.75949
0.601996,3.6156,2.64466,1.3397,-1.7656
0.602996,3.61694,2.6429,1.33673,-1.77169
0.603996,3.61828,2.64113,1.33377,-1.77775
0.604996,3.61961,2.63935,1.3308,-1.7838
0.605996,3.62094,2.63757,1.32784,-1.78983
0.606996,3.62227,2.63578,1.32488,-1.79584
0.607996,3.62359,2.63398,1.32193,-1.80184
0.608996,3.62492,2.63218,1.31897,-1.80781
0.609996,3.62624,2.63037,1.31602,-1.81376
0.610996,3.62755,2.62856,1.31307,-1.8197
0.611996,3.62886,2.62674,1.31012,-1.82562
0.612996,3.63017,2.62491,1.30718,-1.83151
0.613996,3.63148,2.62308,1.30424,-1.83739
0.614996,3.63279,2.62124,1.3013,-1.84325
0.615996,3.63409,2.6194,1.29836,-1.84909
0.616996,3.63539,2.61755,1.29543,-1.85492
0.617996,3.63668,2.6157,1.2925,-1.86072
0.618996,3.63797,2.61383,1.28957,-1.8665
0.619996,3.63926,2.61197,1.28665,-1.87227
0.620996,3.64055,2.6101,1.28372,-1.87802
0.621996,3.64183,2.60822,1.2808,-1.88374
0.622996,3.64311,2.60633,1.27788,-1.88945
0.623996,3.64439,2.60444,1.27497,-1.89514
0.624996,3.64567,2.60255,1.27206,-1.90081
0.625996,3.64694,2.60065,1.26915,-1.90647
0.626996,3.64821,2.59874,1.26624,-1.9121
0.627995,3.64947,2.59683,1.26334,-1.91772
0.628995,3.65074,2.59491,1.26044,-1.92331
0.629995,3.652,2.59299,1.25754,-1.92889
0.630995,3.65326,2.59106,1.25464,-1.93445
0.631995,3.65451,2.58913,1.25175,-1.93999
0.632995,3.65576,2.58719,1.24886,-1.94551
0.633995,3.65701,2.58524,1.24597,-1.95101
0.634995,3.65826,2.58329,1.24309,-1.95649
0.635995,3.6595,2.58133,1.24021,-1.96196
0.636995,3.66074,2.57937,1.23733,-1.96741
0.637995,3.66198,2.5774,1.23445,-1.97283
0.638995,3.66321,2.57543,1.23158,-1.97824
0.639995,3.66444,2.57345,1.22871,-1.98363
0.640995,3.66567,2.57147,1.22584,-1.989
0.641995,3.6669,2.56948,1.22298,-1.99436
0.642995,3.66812,2.56749,1.22012,-1.99969
0.643995,3.66934,2.56549,1.21726,-2.00501
0.644995,3.67056,2.56348,1.2144,-2.0103
0.645995,3.67177,2.56147,1.21155,-2.01558
0.646995,3.67298,2.55945,1.2087,-2.02084
0.647995,3.67419,2.55743,1.20586,-2.02608
0.648995,3.6754,2.55541,1.20301,-2.03131
0.649995,3.6766,2.55338,1.20017,-2.03651
0.650995,3.6778,2.55134,1.19734,-2.0417
0.651995,3.679,2.5493,1.1945,-2.04686
0.652995,3.68019,2.54725,1.19167,-2.05201
0.653995,3.68139,2.5452,1.18884,-2.05714
0.654995,3.68257,2.54314,1.18602,-2.06226
0.655995,3.68376,2.54108,1.1832,-2.06735
0.656995,3.68494,2.53901,1.18038,-2.07243
0.657995,3.68612,2.53694,1.17756,-2.07748
0.658995,3.6873,2.53486,1.17475,-2.08252
0.659995,3.68848,2.53278,1.17194,-2.08754
0.660995,3.68965,2.53069,1.16914,-2.09254
0.661995,3.69082,2.5286,1.16633,-2.09753
0.662995,3.69198,2.5265,1.16354,-2.10249
0.663995,3.69315,2.5244,1.16074,-2.10744
0.664995,3.69431,2.52229,1.15795,-2.11237
0.665995,3.69547,2.52018,1.15516,-2.11728
0.666995,3.69662,2.51806,1.15237,-2.12218
0.667995,3.69777,2.51594,1.14959,-2.12705
0.668995,3.69892,2.51381,1.14681,-2.13191
0.669995,3.70007,2.51168,1.14403,-2.13675
0.670995,3.70121,2.50954,1.14126,-2.14157
0.671995,3.70236,2.5074,1.13849,-2.14637
0.672995,3.70349,2.50526,1.13572,-2.15116
0.673995,3.70463,2.50311,1.13296,-2.15592
0.674995,3.70576,2.50095,1.1302,-2.16067
0.675995,3.70689,2.49879,1.12745,-2.16541
0.676995,3.70802,2.49662,1.12469,-2.17012
0.677995,3.70914,2.49445,1.12195,-2.17481
0.678995,3.71027,2.49228,1.1192,-2.17949
0.679995,3.71139,2.4901,1.11646,-2.18415
0.680995,3.7125,2.48792,1.11372,-2.1888
0.681995,3.71362,2.48573,1.11098,-2.19342
0.682995,3.71473,2.48353,1.10825,-2.19803
0.683995,3.71584,2.48134,1.10552,-2.20262
0.684995,3.71694,2.47913,1.1028,-2.20719
0.685995,3.71804,2.47693,1.10008,-2.21174
0.686995,3.71914,2.47471,1.09736,-2.21628
0.687995,3.72024,2.4725,1.09465,-2.2208
0.688995,3.72134,2.47028,1.09194,-2.2253
0.689995,3.72243,2.46805,1.08923,-2.22978
0.690995,3.72352,2.46582,1.08653,-2.23425
0.691995,3.7246,2.46359,1.08383,-2.2387
0.692995,3.72569,2.46135,1.08113,-2.24313
0.693995,3.72677,2.45911,1.07844,-2.24754
0.694995,3.72785,2.45686,1.07575,-2.25194
0.695995,3.72892,2.45461,1.07307,-2.25632
0.696995,3.73,2.45235,1.07039,-2.26068
0.697995,3.73107,2.45009,1.06771,-2.26503
0.698995,3.73213,2.44782,1.06503,-2.26936
0.699995,3.7332,2.44555,1.06236,-2.27367
0.700995,3.73426,2.44328,1.0597,-2.27796
0.701995,3.73532,2.441,1.05704,-2.28224
0.702995,3.73638,2.43872,1.05438,-2.2865
0.703995,3.73743,2.43643,1.05172,-2.29074
0.704994,3.73848,2.43414,1.04907,-2.29497
0.705994,3.73953,2.43185,1.04642,-2.29918
0.706994,3.74058,2.42955,1.04378,-2.30337
0.707994,3.74162,2.42725,1.04114,-2.30754
0.708994,3.74266,2.42494,1.03851,-2.3117
0.709994,3.7437,2.42263,1.03587,-2.31584
0.710994,3.74474,2.42031,1.03325,-2.31997
0.711994,3.74577,2.41799,1.03062,-2.32408
0.712994,3.7468,2.41567,1.028,-2.32817
0.713994,3.74783,2.41334,1.02539,-2.33224
0.714994,3.74886,2.41101,1.02277,-2.3363
0.715994,3.74988,2.40867,1.02016,-2.34034
0.716994,3.7509,2.40633,1.01756,-2.34437
0.717994,3.75192,2.40399,1.01496,-2.34838
0.718994,3.75293,2.40164,1.01236,-2.35237
0.719994,3.75394,2.39928,1.00977,-2.35634
0.720994,3.75495,2.39693,1.00718,-2.3603
0.721994,3.75596,2.39457,1.0046,-2.36425
0.722994,3.75697,2.3922,1.00202,-2.36817
0.723994,3.75797,2.38984,0.99944,-2.37208
0.724994,3.75897,2.38746,0.996867,-2.37598
0.725994,3.75996,2.38509,0.994299,-2.37986
0.726994,3.76096,2.38271,0.991734,-2.38372
0.727994,3.76195,2.38032,0.989174,-2.38756
0.728994,3.76294,2.37794,0.986618,-2.39139
0.729994,3.76393,2.37554,0.984065,-2.39521
0.730994,3.76491,2.37315,0.981517,-2.399
0.731994,3.76589,2.37075,0.978973,-2.40279
0.732994,3.76687,2.36835,0.976433,-2.40655
0.733994,3.76785,2.36594,0.973897,-2.4103
0.734994,3.76882,2.36353,0.971365,-2.41404
0.735994,3.76979,2.36112,0.968838,-2.41775
0.736994,3.77076,2.3587,0.966314,-2.42146
0.737994,3.77173,2.35628,0.963795,-2.42514
0.738994,3.77269,2.35385,0.96128,-2.42882
0.739994,3.77365,2.35142,0.958769,-2.43247
0.740994,3.77461,2.34899,0.956262,-2.43611
0.741994,3.77557,2.34656,0.953759,-2.43974
0.742994,3.77652,2.34412,0.951261,-2.44334
0.743994,3.77747,2.34167,0.948767,-2.44694
0.744994,3.77842,2.33923,0.946277,-2.45052
0.745994,3.77937,2.33677,0.943791,-2.45408
0.746994,3.78031,2.33432,0.941309,-2.45763
0.747994,3.78125,2.33186,0.938832,-2.46116
0.748994,3.78219,2.3294,0.936359,-2.46468
0.749994,3.78313,2.32694,0.93389,-2.46818
0.750994,3.78406,2.32447,0.931426,-2.47166
0.751994,3.78499,2.322,0.928966,-2.47514
0.752994,3.78592,2.31952,0.92651,-2.47859
0.753994,3.78685,2.31704,0.924058,-2.48203
0.754994,3.78777,2.31456,0.921611,-2.48546
0.755994,3.78869,2.31208,0.919168,-2.48887
0.756994,3.78961,2.30959,0.916729,-2.49227
0.757994,3.79053,2.30709,0.914295,-2.49565
0.758994,3.79144,2.3046,0.911865,-2.49902
0.759994,3.79236,2.3021,0.909439,-2.50237
0.760994,3.79327,2.2996,0.907018,-2.50571
0.761994,3.79417,2.29709,0.9046,-2.50903
0.762994,3.79508,2.29458,0.902188,-2.51234
0.763994,3.79598,2.29207,0.899779,-2.51563
0.764994,3.79688,2.28956,0.897376,-2.51891
0.765994,3.79778,2.28704,0.894976,-2.52217
0.766994,3.79867,2.28451,0.892581,-2.52542
0.767994,3.79956,2.28199,0.89019,-2.52866
0.768994,3.80045,2.27946,0.887804,-2.53188
0.769994,3.80134,2.27693,0.885422,-2.53509
0.770994,3.80223,2.27439,0.883044,-2.53828
0.771994,3.80311,2.27185,0.880671,-2.54146
0.772994,3.80399,2.26931,0.878302,-2.54462
0.773994,3.80487,2.26677,0.875938,-2.54777
0.774994,3.80575,2.26422,0.873578,-2.55091
0.775994,3.80662,2.26167,0.871222,-2.55403
0.776994,3.80749,2.25912,0.868871,-2.55714
0.777994,3.80836,2.25656,0.866525,-2.56023
0.778994,3.80923,2.254,0.864183,-2.56331
0.779994,3.81009,2.25144,0.861845,-2.56638
0.780994,3.81095,2.24887,0.859512,-2.56943
0.781994,3.81181,2.2463,0.857183,-2.57247
0.782993,3.81267,2.24373,0.854859,-2.57549
0.783993,3.81352,2.24115,0.852539,-2.5785
0.784993,3.81438,2.23857,0.850224,-2.5815
0.785993,3.81523,2.23599,0.847913,-2.58449
0.786993,3.81607,2.23341,0.845606,-2.58746
0.787993,3.81692,2.23082,0.843305,-2.59041
0.788993,3.81776,2.22823,0.841007,-2.59336
0.789993,3.8186,2.22564,0.838714,-2.59629
0.790993,3.81944,2.22304,0.836426,-2.5992
0.791993,3.82028,2.22044,0.834142,-2.6021
0.792993,3.82111,2.21784,0.831863,-2.60499
0.793993,3.82194,2.21523,0.829588,-2.60787
0.794993,3.82277,2.21263,0.827318,-2.61073
0.795993,3.8236,2.21001,0.825052,-2.61358
0.796993,3.82443,2.2074,0.822791,-2.61642
0.797993,3.82525,2.20478,0.820534,-2.61924
0.798993,3.82607,2.20217,0.818282,-2.62206
0.799993,3.82689,2.19954,0.816034,-2.62485
0.800993,3.8277,2.19692,0.813791,-2.62764
0.801993,3.82852,2.19429,0.811553,-2.63041
0.802993,3.82933,2.19166,0.809319,-2.63317
0.803993,3.83014,2.18903,0.807089,-2.63592
0.804993,3.83095,2.18639,0.804864,-2.63865
0.805993,3.83175,2.18375,0.802644,-2.64137
0.806993,3.83255,2.18111,0.800428,-2.64408
0.807993,3.83335,2.17847,0.798217,-2.64677
0.808993,3.83415,2.17582,0.79601,-2.64946
0.809993,3.83495,2.17317,0.793808,-2.65213
0.810993,3.83574,2.17052,0.791611,-2.65478
0.811993,3.83653,2.16786,0.789418,-2.65743
0.812993,3.83732,2.16521,0.787229,-2.66006
0.813993,3.83811,2.16255,0.785045,-2.66268
0.814993,3.8389,2.15988,0.782866,-2.66529
0.815993,3.83968,2.15722,0.780691,-2.66789
0.816993,3.84046,2.15455,0.778521,-2.67047
0.817993,3.84124,2.15188,0.776356,-2.67304
0.818993,3.84201,2.14921,0.774195,-2.6756
0.819993,3.84279,2.14653,0.772038,-2.67815
0.820993,3.84356,2.14385,0.769886,-2.68069
0.821993,3.84433,2.14117,0.767739,-2.68321
0.822993,3.8451,2.13849,0.765596,-2.68572
0.823993,3.84586,2.1358,0.763458,-2.68822
0.824993,3.84663,2.13312,0.761325,-2.69071
0.825993,3.84739,2.13042,0.759196,-2.69318
0.826993,3.84815,2.12773,0.757071,-2.69565
0.827993,3.8489,2.12504,0.754952,-2.6981
0.828993,3.84966,2.12234,0.752837,-2.70054
0.829993,3.85041,2.11964,0.750726,-2.70297
0.830993,3.85116,2.11693,0.74862,-2.70539
0.831993,3.85191,2.11423,0.746519,-2.70779
0.832993,3.85266,2.11152,0.744422,-2.71019
0.833993,3.8534,2.10881,0.742329,-2.71257
0.834993,3.85414,2.1061,0.740242,-2.71494
0.835993,3.85489,2.10338,0.738159,-2.7173
0.836993,3.85562,2.10067,0.73608,-2.71965
0.837993,3.85636,2.09795,0.734006,-2.72199
0.838993,3.85709,2.09522,0.731937,-2.72431
0.839993,3.85783,2.0925,0.729872,-2.72663
0.840993,3.85856,2.08977,0.727812,-2.72893
0.841993,3.85928,2.08704,0.725757,-2.73123
0.842993,3.86001,2.08431,0.723706,-2.73351
0.843993,3.86073,2.08158,0.721659,-2.73578
0.844993,3.86145,2.07884,0.719617,-2.73804
0.845993,3.86217,2.07611,0.71758,-2.74029
0.846993,3.86289,2.07337,0.715547,-2.74252
0.847993,3.86361,2.07062,0.713519,-2.74475
0.848993,3.86432,2.06788,0.711496,-2.74697
0.849993,3.86503,2.06513,0.709477,-2.74917
0.850993,3.86574,2.06238,0.707462,-2.75137
0.851993,3.86645,2.05963,0.705453,-2.75355
0.852993,3.86715,2.05688,0.703447,-2.75572
0.853993,3.86786,2.05412,0.701447,-2.75789
0.854993,3.86856,2.05136,0.699451,-2.76004
0.855993,3.86926,2.0486,0.697459,-2.76218
0.856993,3.86996,2.04584,0.695472,-2.76431
0.857993,3.87065,2.04308,0.69349,-2.76643
0.858993,3.87135,2.04031,0.691512,-2.76854
0.859993,3.87204,2.03754,0.689539,-2.77064
0.860992,3.87273,2.03477,0.68757,-2.77273
0.861992,3.87341,2.032,0.685606,-2.77481
0.862992,3.8741,2.02922,0.683646,-2.77688
0.863992,3.87478,2.02645,0.681691,-2.77894
0.864992,3.87546,2.02367,0.67974,-2.78098
0.865992,3.87614,2.02089,0.677794,-2.78302
0.866992,3.87682,2.0181,0.675853,-2.78505
0.867992,3.8775,2.01532,0.673916,-2.78707
0.868992,3.87817,2.01253,0.671984,-2.78908
0.869992,3.87884,2.00974,0.670056,-2.79108
0.870992,3.87951,2.00695,0.668132,-2.79307
0.871992,3.88018,2.00416,0.666214,-2.79504
0.872992,3.88085,2.00136,0.664299,-2.79701
0.873992,3.88151,1.99857,0.66239,-2.79897
0.874992,3.88218,1.99577,0.660484,-2.80092
0.875992,3.88284,1.99297,0.658584,-2.80286
0.876992,3.88349,1.99016,0.656688,-2.80479
0.877992,3.88415,1.98736,0.654796,-2.80671
0.878992,3.88481,1.98455,0.652909,-2.80862
0.879992,3.88546,1.98174,0.651026,-2.81052
0.880992,3.88611,1.97893,0.649148,-2.81242
0.881992,3.88676,1.97612,0.647274,-2.8143
0.882992,3.88741,1.97331,0.645405,-2.81617
0.883992,3.88805,1.97049,0.64354,-2.81803
0.884992,3.88869,1.96767,0.64168,-2.81989
0.885992,3.88934,1.96485,0.639824,-2.82173
0.886992,3.88998,1.96203,0.637973,-2.82357
0.887992,3.89061,1.95921,0.636126,-2.8254
0.888992,3.89125,1.95638,0.634284,-2.82721
0.889992,3.89188,1.95355,0.632446,-2.82902
0.890992,3.89252,1.95073,0.630613,-2.83082
0.891992,3.89315,1.9479,0.628784,-2.83261
0.892992,3.89378,1.94506,0.62696,-2.83439
0.893992,3.8944,1.94223,0.62514,-2.83616
0.894992,3.89503,1.93939,0.623324,-2.83793
0.895992,3.89565,1.93655,0.621513,-2.83968
0.896992,3.89627,1.93371,0.619706,-2.84143
0.897992,3.89689,1.93087,0.617904,-2.84316
0.898992,3.89751,1.92803,0.616106,-2.84489
0.899992,3.89813,1.92518,0.614313,-2.84661
0.900992,3.89874,1.92234,0.612524,-2.84832
0.901992,3.89935,1.91949,0.610739,-2.85002
0.902992,3.89996,1.91664,0.608959,-2.85171
0.903992,3.90057,1.91379,0.607183,-2.8534
0.904992,3.90118,1.91093,0.605412,-2.85507
0.905992,3.90179,1.90808,0.603645,-2.85674
0.906992,3.90239,1.90522,0.601883,-2.8584
0.907992,3.90299,1.90236,0.600124,-2.86005
0.908992,3.90359,1.8995,0.598371,-2.86169
0.909992,3.90419,1.89664,0.596621,-2.86333
0.910992,3.90479,1.89378,0.594876,-2.86495
0.911992,3.90538,1.89091,0.593136,-2.86657
0.912992,3.90598,1.88805,0.591399,-2.86818
0.913992,3.90657,1.88518,0.589667,-2.86978
0.914992,3.90716,1.88231,0.58794,-2.87137
0.915992,3.90774,1.87944,0.586217,-2.87295
0.916992,3.90833,1.87657,0.584498,-2.87453
0.917992,3.90891,1.87369,0.582783,-2.8761
0.918992,3.9095,1.87082,0.581073,-2.87766
0.919992,3.91008,1.86794,0.579367,-2.87921
0.920992,3.91066,1.86506,0.577666,-2.88075
0.921992,3.91124,1.86218,0.575968,-2.88229
0.922992,3.91181,1.8593,0.574275,-2.88382
0.923992,3.91239,1.85641,0.572587,-2.88534
0.924992,3.91296,1.85353,0.570902,-2.88685
0.925992,3.91353,1.85064,0.569222,-2.88836
0.926992,3.9141,1.84775,0.567547,-2.88985
0.927992,3.91467,1.84486,0.565875,-2.89134
0.928992,3.91523,1.84197,0.564208,-2.89282
0.929992,3.9158,1.83908,0.562545,-2.8943
0.930992,3.91636,1.83618,0.560886,-2.89576
0.931992,3.91692,1.83329,0.559232,-2.89722
0.932992,3.91748,1.83039,0.557582,-2.89867
0.933992,3.91804,1.82749,0.555936,-2.90012
0.934992,3.91859,1.82459,0.554294,-2.90155
0.935992,3.91915,1.82169,0.552657,-2.90298
0.936992,3.9197,1.81879,0.551024,-2.9044
0.937991,3.92025,1.81588,0.549395,-2.90582
0.938991,3.9208,1.81298,0.54777,-2.90722
0.939991,3.92135,1.81007,0.54615,-2.90862
0.940991,3.92189,1.80716,0.544533,-2.91002
0.941991,3.92244,1.80425,0.542921,-2.9114
0.942991,3.92298,1.80134,0.541313,-2.91278
0.943991,3.92352,1.79843,0.53971,-2.91415
0.944991,3.92406,1.79551,0.53811,-2.91551
0.945991,3.9246,1.7926,0.536515,-2.91687
0.946991,3.92514,1.78968,0.534924,-2.91822
0.947991,3.92567,1.78676,0.533337,-2.91956
0.948991,3.92621,1.78384,0.531754,-2.92089
0.949991,3.92674,1.78092,0.530175,-2.92222
0.950991,3.92727,1.778,0.5286,-2.92354
0.951991,3.9278,1.77507,0.52703,-2.92486
0.952991,3.92832,1.77215,0.525464,-2.92617
0.953991,3.92885,1.76922,0.523901,-2.92747
0.954991,3.92937,1.7663,0.522343,-2.92876
0.955991,3.92989,1.76337,0.520789,-2.93005
0.956991,3.93042,1.76044,0.51924,-2.93133
0.957991,3.93093,1.75751,0.517694,-2.9326
0.958991,3.93145,1.75457,0.516152,-2.93387
0.959991,3.93197,1.75164,0.514615,-2.93513
0.960991,3.93248,1.7487,0.513081,-2.93638
0.961991,3.933,1.74577,0.511552,-2.93763
0.962991,3.93351,1.74283,0.510026,-2.93887
0.963991,3.93402,1.73989,0.508505,-2.9401
0.964991,3.93453,1.73695,0.506988,-2.94133
0.965991,3.93503,1.73401,0.505474,-2.94255
0.966991,3.93554,1.73107,0.503965,-2.94377
0.967991,3.93604,1.72812,0.50246,-2.94497
0.968991,3.93654,1.72518,0.500959,-2.94618
0.969991,3.93705,1.72223,0.499462,-2.94737
0.970991,3.93755,1.71929,0.497969,-2.94856
0.971991,3.93804,1.71634,0.49648,-2.94974
0.972991,3.93854,1.71339,0.494995,-2.95092
0.973991,3.93903,1.71044,0.493514,-2.95209
0.974991,3.93953,1.70748,0.492036,-2.95325
0.975991,3.94002,1.70453,0.490563,-2.95441
0.976991,3.94051,1.70158,0.489094,-2.95556
0.977991,3.941,1.69862,0.487629,-2.95671
0.978991,3.94149,1.69566,0.486168,-2.95785
0.979991,3.94197,1.69271,0.48471,-2.95898
0.980991,3.94246,1.68975,0.483257,-2.96011
0.981991,3.94294,1.68679,0.481808,-2.96123
0.982991,3.94342,1.68383,0.480362,-2.96235
0.983991,3.9439,1.68086,0.478921,-2.96346
0.984991,3.94438,1.6779,0.477483,-2.96456
0.985991,3.94486,1.67494,0.476049,-2.96566
0.986991,3.94534,1.67197,0.474619,-2.96675
0.987991,3.94581,1.669,0.473193,-2.96784
0.988991,3.94628,1.66604,0.471771,-2.96892
0.989991,3.94676,1.66307,0.470353,-2.97
0.990991,3.94723,1.6601,0.468939,-2.97106
0.991991,3.9477,1.65713,0.467528,-2.97213
0.992991,3.94816,1.65415,0.466121,-2.97319
0.993991,3.94863,1.65118,0.464719,-2.97424
0.994991,3.94909,1.64821,0.46332,-2.97528
0.995991,3.94956,1.64523,0.461925,-2.97633
0.996991,3.95002,1.64225,0.460533,-2.97736
0.997991,3.95048,1.63928,0.459146,-2.97839
0.998991,3.95094,1.6363,0.457762,-2.97942
0.999991,3.9514,1.63332,0.456382,-2.98043
1.00099,3.95185,1.63034,0.455006,-2.98145
1.00199,3.95231,1.62736,0.453634,-2.98246
1.00299,3.95276,1.62437,0.452265,-2.98346
1.00399,3.95321,1.62139,0.450901,-2.98446
1.00499,3.95366,1.61841,0.44954,-2.98545
1.00599,3.95411,1.61542,0.448182,-2.98643
1.00699,3.95456,1.61244,0.446829,-2.98742
1.00799,3.95501,1.60945,0.445479,-2.98839
1.00899,3.95545,1.60646,0.444133,-2.98936
1.00999,3.9559,1.60347,0.442791,-2.99033
1.01099,3.95634,1.60048,0.441453,-2.99129
1.01199,3.95678,1.59749,0.440118,-2.99224
1.01299,3.95722,1.5945,0.438787,-2.99319
1.01399,3.95766,1.5915,0.437459,-2.99414
1.01499,3.9581,1.58851,0.436135,-2.99508
1.01599,3.95854,1.58551,0.434815,-2.99601
1.01699,3.95897,1.58252,0.433499,-2.99694
1.01799,3.9594,1.57952,0.432186,-2.99787
1.01899,3.95984,1.57652,0.430877,-2.99879
1.01999,3.96027,1.57352,0.429572,-2.9997
1.02099,3.9607,1.57052,0.42827,-3.00061
1.02199,3.96112,1.56752,0.426972,-3.00152
1.02299,3.96155,1.56452,0.425678,-3.00242
1.02399,3.96198,1.56152,0.424387,-3.00331
1.02499,3.9624,1.55852,0.4231,-3.0042
1.02599,3.96282,1.55551,0.421816,-3.00509
1.02699,3.96325,1.55251,0.420536,-3.00597
1.02799,3.96367,1.5495,0.41926,-3.00685
1.02899,3.96409,1.54649,0.417987,-3.00772
1.02999,3.9645,1.54349,0.416717,-3.00859
1.03099,3.96492,1.54048,0.415452,-3.00945
1.03199,3.96534,1.53747,0.41419,-3.0103
1.03299,3.96575,1.53446,0.412931,-3.01116
1.03399,3.96616,1.53145,0.411676,-3.01201
1.03499,3.96658,1.52844,0.410424,-3.01285
1.03599,3.96699,1.52542,0.409176,-3.01369
1.03699,3.96739,1.52241,0.407932,-3.01452
1.03799,3.9678,1.51939,0.406691,-3.01535
1.03899,3.96821,1.51638,0.405454,-3.01618
1.03999,3.96861,1.51336,0.40422,-3.017
1.04099,3.96902,1.51035,0.402989,-3.01781
1.04199,3.96942,1.50733,0.401762,-3.01863
1.04299,3.96982,1.50431,0.400539,-3.01943
1.04399,3.97022,1.50129,0.399319,-3.02024
1.04499,3.97062,1.49827,0.398102,-3.02104
1.04599,3.97102,1.49525,0.396889,-3.02183
1.04699,3.97142,1.49223,0.39568,-3.02262
1.04799,3.97181,1.4892,0.394474,-3.02341
1.04899,3.97221,1.48618,0.393271,-3.02419
1.04999,3.9726,1.48316,0.392071,-3.02497
1.05099,3.97299,1.48013,0.390875,-3.02574
1.05199,3.97339,1.47711,0.389683,-3.02651
1.05299,3.97377,1.47408,0.388494,-3.02727
1.05399,3.97416,1.47105,0.387308,-3.02803
1.05499,3.97455,1.46802,0.386126,-3.02879
1.05599,3.97494,1.46499,0.384947,-3.02954
1.05699,3.97532,1.46197,0.383771,-3.03029
1.05799,3.97571,1.45894,0.382599,-3.03103
1.05899,3.97609,1.4559,0.38143,-3.03177
1.05999,3.97647,1.45287,0.380265,-3.03251
1.06099,3.97685,1.44984,0.379102,-3.03324
1.06199,3.97723,1.44681,0.377944,-3.03397
1.06299,3.97761,1.44377,0.376788,-3.03469
1.06399,3.97798,1.44074,0.375636,-3.03541
1.06499,3.97836,1.4377,0.374487,-3.03613
1.06599,3.97873,1.43467,0.373341,-3.03684
1.06699,3.97911,1.43163,0.372199,-3.03755
1.06799,3.97948,1.42859,0.37106,-3.03825
1.06899,3.97985,1.42555,0.369924,-3.03895
1.06999,3.98022,1.42251,0.368792,-3.03965
1.07099,3.98059,1.41948,0.367663,-3.04034
1.07199,3.98096,1.41643,0.366537,-3.04103
1.07299,3.98132,1.41339,0.365414,-3.04172
1.07399,3.98169,1.41035,0.364294,-3.0424
1.07499,3.98205,1.40731,0.363178,-3.04308
1.07599,3.98242,1.40427,0.362065,-3.04375
1.07699,3.98278,1.40122,0.360955,-3.04442
1.07799,3.98314,1.39818,0.359849,-3.04509
1.07899,3.9835,1.39513,0.358745,-3.04575
1.07999,3.98386,1.39209,0.357645,-3.04641
1.08099,3.98422,1.38904,0.356548,-3.04706
1.08199,3.98457,1.38599,0.355454,-3.04772
1.08299,3.98493,1.38295,0.354364,-3.04836
1.08399,3.98528,1.3799,0.353276,-3.04901
1.08499,3.98564,1.37685,0.352192,-3.04965
1.08599,3.98599,1.3738,0.351111,-3.05029
1.08699,3.98634,1.37075,0.350032,-3.05092
1.08799,3.98669,1.3677,0.348958,-3.05155
1.08899,3.98704,1.36465,0.347886,-3.05218
1.08999,3.98739,1.36159,0.346817,-3.05281
1.09099,3.98773,1.35854,0.345751,-3.05343
1.092,3.98808,1.35549,0.344689,-3.05404
1.093,3.98842,1.35243,0.34363,-3.05466
1.094,3.98877,1.34938,0.342573,-3.05527
1.095,3.98911,1.34632,0.34152,-3.05587
1.096,3.98945,1.34327,0.34047,-3.05648
1.097,3.98979,1.34021,0.339423,-3.05708
1.098,3.99013,1.33715,0.338379,-3.05767
1.099,3.99047,1.3341,0.337338,-3.05827
1.1,3.99081,1.33104,0.3363,-3.05886
1.101,3.99114,1.32798,0.335265,-3.05944
1.102,3.99148,1.32492,0.334233,-3.06003
1.103,3.99181,1.32186,0.333204,-3.06061
1.104,3.99214,1.3188,0.332179,-3.06119
1.105,3.99248,1.31574,0.331156,-3.06176
1.106,3.99281,1.31268,0.330136,-3.06233
1.107,3.99314,1.30961,0.329119,-3.0629
1.108,3.99347,1.30655,0.328105,-3.06346
1.109,3.9938,1.30349,0.327094,-3.06403
1.11,3.99412,1.30042,0.326086,-3.06458
1.111,3.99445,1.29736,0.325081,-3.06514
1.112,3.99477,1.29429,0.324079,-3.06569
1.113,3.9951,1.29123,0.32308,-3.06624
1.114,3.99542,1.28816,0.322084,-3.06679
1.115,3.99574,1.2851,0.321091,-3.06733
1.116,3.99606,1.28203,0.320101,-3.06787
1.117,3.99638,1.27896,0.319113,-3.06841
1.118,3.9967,1.27589,0.318129,-3.06894
1.119,3.99702,1.27282,0.317147,-3.06947
1.12,3.99734,1.26975,0.316169,-3.07
1.121,3.99765,1.26668,0.315193,-3.07053
1.122,3.99797,1.26361,0.31422,-3.07105
1.123,3.99828,1.26054,0.31325,-3.07157
1.124,3.9986,1.25747,0.312283,-3.07208
1.125,3.99891,1.2544,0.311319,-3.0726
1.126,3.99922,1.25133,0.310357,-3.07311
1.127,3.99953,1.24825,0.309399,-3.07362
1.128,3.99984,1.24518,0.308443,-3.07412
1.129,4.00015,1.24211,0.30749,-3.07462
1.13,4.00046,1.23903,0.30654,-3.07512
1.131,4.00076,1.23596,0.305592,-3.07562
1.132,4.00107,1.23288,0.304648,-3.07611
1.133,4.00137,1.2298,0.303706,-3.07661
1.134,4.00168,1.22673,0.302767,-3.07709
1.135,4.00198,1.22365,0.301831,-3.07758
1.136,4.00228,1.22057,0.300898,-3.07806
1.137,4.00258,1.21749,0.299967,-3.07854
1.138,4.00288,1.21442,0.299039,-3.07902
1.139,4.00318,1.21134,0.298114,-3.0795
1.14,4.00348,1.20826,0.297192,-3.07997
1.141,4.00378,1.20518,0.296272,-3.08044
1.142,4.00407,1.2021,0.295355,-3.0809
1.143,4.00437,1.19902,0.294441,-3.08137
1.144,4.00466,1.19593,0.29353,-3.08183
1.145,4.00496,1.19285,0.292621,-3.08229
1.146,4.00525,1.18977,0.291715,-3.08275
1.147,4.00554,1.18669,0.290812,-3.0832
1.148,4.00583,1.1836,0.289911,-3.08365
1.149,4.00612,1.18052,0.289013,-3.0841
1.15,4.00641,1.17744,0.288118,-3.08455
1.151,4.0067,1.17435,0.287225,-3.08499
1.152,4.00699,1.17127,0.286336,-3.08543
1.153,4.00727,1.16818,0.285448,-3.08587
1.154,4.00756,1.1651,0.284564,-3.08631
1.155,4.00784,1.16201,0.283682,-3.08675
1.156,4.00813,1.15892,0.282802,-3.08718
1.157,4.00841,1.15584,0.281926,-3.08761
1.158,4.00869,1.15275,0.281052,-3.08803
1.159,4.00897,1.14966,0.28018,-3.08846
1.16,4.00925,1.14657,0.279311,-3.08888
1.161,4.00953,1.14348,0.278445,-3.0893
1.162,4.00981,1.14039,0.277581,-3.08972
1.163,4.01009,1.1373,0.27672,-3.09013
1.164,4.01036,1.13421,0.275862,-3.09055
1.165,4.01064,1.13112,0.275006,-3.09096
1.166,4.01091,1.12803,0.274152,-3.09136
1.167,4.01119,1.12494,0.273301,-3.09177
1.168,4.01146,1.12185,0.272453,-3.09217
1.169,4.01173,1.11876,0.271607,-3.09258
1.17,4.01201,1.11566,0.270764,-3.09297
1.171,4.01228,1.11257,0.269924,-3.09337
1.172,4.01255,1.10948,0.269085,-3.09377
1.173,4.01282,1.10638,0.26825,-3.09416
1.174,4.01308,1.10329,0.267417,-3.09455
1.175,4.01335,1.1002,0.266586,-3.09494
1.176,4.01362,1.0971,0.265758,-3.09532
1.177,4.01388,1.09401,0.264932,-3.09571
1.178,4.01415,1.09091,0.264109,-3.09609
1.179,4.01441,1.08781,0.263288,-3.09647
1.18,4.01468,1.08472,0.26247,-3.09685
1.181,4.01494,1.08162,0.261654,-3.09722
1.182,4.0152,1.07852,0.260841,-3.09759
1.183,4.01546,1.07543,0.26003,-3.09796
1.184,4.01572,1.07233,0.259222,-3.09833
1.185,4.01598,1.06923,0.258416,-3.0987
1.186,4.01624,1.06613,0.257612,-3.09906
1.187,4.0165,1.06303,0.256811,-3.09943
1.188,4.01675,1.05993,0.256013,-3.09979
1.189,4.01701,1.05683,0.255216,-3.10015
1.19,4.01726,1.05373,0.254422,-3.1005
1.191,4.01752,1.05063,0.253631,-3.10086
1.192,4.01777,1.04753,0.252842,-3.10121
1.193,4.01803,1.04443,0.252055,-3.10156
1.194,4.01828,1.04133,0.251271,-3.10191
1.195,4.01853,1.03823,0.250489,-3.10226
1.196,4.01878,1.03512,0.249709,-3.1026
1.197,4.01903,1.03202,0.248932,-3.10294
1.198,4.01928,1.02892,0.248157,-3.10328
1.199,4.01953,1.02581,0.247385,-3.10362
1.2,4.01977,1.02271,0.246614,-3.10396
1.201,4.02002,1.01961,0.245846,-3.1043
1.202,4.02027,1.0165,0.245081,-3.10463
1.203,4.02051,1.0134,0.244318,-3.10496
1.204,4.02076,1.01029,0.243557,-3.10529
1.205,4.021,1.00719,0.242798,-3.10562
1.206,4.02124,1.00408,0.242042,-3.10594
1.207,4.02148,1.00098,0.241288,-3.10627
1.208,4.02173,0.99787,0.240536,-3.10659
1.209,4.02197,0.994763,0.239786,-3.10691
1.21,4.02221,0.991656,0.239039,-3.10723
1.211,4.02244,0.988549,0.238294,-3.10754
1.212,4.02268,0.985442,0.237552,-3.10786
1.213,4.02292,0.982334,0.236811,-3.10817
1.214,4.02316,0.979226,0.236073,-3.10848
1.215,4.02339,0.976117,0.235337,-3.10879
1.216,4.02363,0.973008,0.234603,-3.1091
1.217,4.02386,0.969899,0.233872,-3.10941
1.218,4.0241,0.96679,0.233143,-3.10971
1.219,4.02433,0.96368,0.232415,-3.11001
1.22,4.02456,0.96057,0.231691,-3.11031
1.221,4.02479,0.95746,0.230968,-3.11061
1.222,4.02503,0.954349,0.230248,-3.11091
1.223,4.02526,0.951238,0.229529,-3.11121
1.224,4.02549,0.948127,0.228813,-3.1115
1.225,4.02571,0.945016,0.228099,-3.11179
1.226,4.02594,0.941904,0.227388,-3.11208
1.227,4.02617,0.938792,0.226678,-3.11237
1.228,4.0264,0.935679,0.225971,-3.11266
1.229,4.02662,0.932567,0.225266,-3.11295
1.23,4.02685,0.929454,0.224563,-3.11323
1.231,4.02707,0.926341,0.223862,-3.11351
1.232,4.0273,0.923227,0.223163,-3.11379
1.233,4.02752,0.920113,0.222466,-3.11407
1.234,4.02774,0.916999,0.221772,-3.11435
1.235,4.02796,0.913885,0.221079,-3.11463
1.236,4.02818,0.91077,0.220389,-3.1149
1.237,4.0284,0.907655,0.219701,-3.11518
1.238,4.02862,0.90454,0.219015,-3.11545
1.239,4.02884,0.901425,0.218331,-3.11572
1.24,4.02906,0.898309,0.217649,-3.11599
1.241,4.02928,0.895193,0.216969,-3.11625
1.242,4.0295,0.892077,0.216291,-3.11652
1.243,4.02971,0.88896,0.215615,-3.11678
1.244,4.02993,0.885843,0.214942,-3.11704
1.245,4.03014,0.882726,0.21427,-3.11731
1.246,4.03036,0.879609,0.213601,-3.11756
1.247,4.03057,0.876491,0.212933,-3.11782
1.248,4.03078,0.873374,0.212268,-3.11808
1.249,4.031,0.870256,0.211604,-3.11833
1.25,4.03121,0.867137,0.210943,-3.11859
1.251,4.03142,0.864019,0.210284,-3.11884
1.252,4.03163,0.8609,0.209626,-3.11909
1.253,4.03184,0.857781,0.208971,-3.11934
1.254,4.03205,0.854661,0.208318,-3.11959
1.255,4.03226,0.851542,0.207666,-3.11983
1.256,4.03246,0.848422,0.207017,-3.12008
1.257,4.03267,0.845302,0.20637,-3.12032
1.258,4.03288,0.842182,0.205724,-3.12057
1.259,4.03308,0.839061,0.205081,-3.12081
1.26,4.03329,0.83594,0.20444,-3.12105
1.261,4.03349,0.832819,0.2038,-3.12128
1.262,4.0337,0.829698,0.203163,-3.12152
1.263,4.0339,0.826576,0.202527,-3.12176
1.264,4.0341,0.823455,0.201894,-3.12199
1.265,4.0343,0.820333,0.201262,-3.12222
1.266,4.0345,0.81721,0.200632,-3.12246
1.267,4.03471,0.814088,0.200004,-3.12269
1.268,4.03491,0.810965,0.199379,-3.12291
1.269,4.03511,0.807842,0.198755,-3.12314
1.27,4.0353,0.804719,0.198133,-3.12337
1.271,4.0355,0.801596,0.197513,-3.12359
1.272,4.0357,0.798472,0.196894,-3.12382
1.273,4.0359,0.795348,0.196278,-3.12404
1.274,4.03609,0.792224,0.195664,-3.12426
1.275,4.03629,0.7891,0.195051,-3.12448
1.276,4.03648,0.785976,0.194441,-3.1247
1.277,4.03668,0.782851,0.193832,-3.12492
1.278,4.03687,0.779726,0.193225,-3.12513
1.279,4.03706,0.776601,0.19262,-3.12535
1.28,4.03726,0.773476,0.192017,-3.12556
1.281,4.03745,0.77035,0.191416,-3.12577
1.282,4.03764,0.767224,0.190816,-3.12598
1.283,4.03783,0.764098,0.190219,-3.12619
1.284,4.03802,0.760972,0.189623,-3.1264
1.285,4.03821,0.757846,0.189029,-3.12661
1.286,4.0384,0.754719,0.188437,-3.12682
1.287,4.03859,0.751592,0.187846,-3.12702
1.288,4.03878,0.748465,0.187258,-3.12723
1.289,4.03896,0.745338,0.186671,-3.12743
1.29,4.03915,0.74221,0.186087,-3.12763
1.291,4.03934,0.739083,0.185504,-3.12783
1.292,4.03952,0.735955,0.184922,-3.12803
1.293,4.03971,0.732827,0.184343,-3.12823
1.294,4.03989,0.729699,0.183765,-3.12843
1.295,4.04008,0.72657,0.183189,-3.12862
1.296,4.04026,0.723442,0.182615,-3.12882
1.297,4.04044,0.720313,0.182043,-3.12901
1.298,4.04062,0.717184,0.181472,-3.1292
1.299,4.0408,0.714055,0.180903,-3.1294
1.3,4.04099,0.710925,0.180336,-3.12959
1.301,4.04117,0.707796,0.179771,-3.12978
1.302,4.04135,0.704666,0.179207,-3.12996
1.303,4.04152,0.701536,0.178646,-3.13015
1.304,4.0417,0.698406,0.178086,-3.13034
1.305,4.04188,0.695275,0.177527,-3.13052
1.30601,4.04206,0.692145,0.176971,-3.13071
1.30701,4.04224,0.689014,0.176416,-3.13089
1.30801,4.04241,0.685883,0.175862,-3.13107
1.30901,4.04259,0.682752,0.175311,-3.13125
1.31001,4.04276,0.679621,0.174761,-3.13143
1.31101,4.04294,0.67649,0.174213,-3.13161
1.31201,4.04311,0.673358,0.173667,-3.13179
1.31301,4.04329,0.670226,0.173122,-3.13197
1.31401,4.04346,0.667094,0.172579,-3.13214
1.31501,4.04363,0.663962,0.172037,-3.13232
1.31601,4.0438,0.66083,0.171498,-3.13249
1.31701,4.04398,0.657697,0.17096,-3.13266
1.31801,4.04415,0.654565,0.170423,-3.13284
1.31901,4.04432,0.651432,0.169889,-3.13301
1.32001,4.04449,0.648299,0.169356,-3.13318
1.32101,4.04466,0.645166,0.168824,-3.13335
1.32201,4.04483,0.642032,0.168294,-3.13351
1.32301,4.04499,0.638899,0.167766,-3.13368
1.32401,4.04516,0.635765,0.16724,-3.13385
1.32501,4.04533,0.632631,0.166715,-3.13401
1.32601,4.0455,0.629497,0.166192,-3.13418
1.32701,4.04566,0.626363,0.16567,-3.13434
1.32801,4.04583,0.623229,0.16515,-3.1345
1.32901,4.04599,0.620094,0.164632,-3.13466
1.33001,4.04616,0.61696,0.164115,-3.13482
1.33101,4.04632,0.613825,0.1636,-3.13498
1.33201,4.04648,0.61069,0.163086,-3.13514
1.33301,4.04665,0.607555,0.162574,-3.1353
1.33401,4.04681,0.604419,0.162064,-3.13545
1.33501,4.04697,0.601284,0.161555,-3.13561
1.33601,4.04713,0.598148,0.161048,-3.13577
1.33701,4.04729,0.595012,0.160542,-3.13592
1.33801,4.04746,0.591877,0.160038,-3.13607
1.33901,4.04762,0.58874,0.159536,-3.13622
1.34001,4.04777,0.585604,0.159035,-3.13638
1.34101,4.04793,0.582468,0.158535,-3.13653
1.34201,4.04809,0.579331,0.158037,-3.13668
1.34301,4.04825,0.576195,0.157541,-3.13682
1.34401,4.04841,0.573058,0.157046,-3.13697
1.34501,4.04857,0.569921,0.156553,-3.13712
1.34601,4.04872,0.566784,0.156061,-3.13727
1.34701,4.04888,0.563646,0.155571,-3.13741
1.34801,4.04903,0.560509,0.155082,-3.13756
1.34901,4.04919,0.557371,0.154595,-3.1377
1.35001,4.04934,0.554234,0.154109,-3.13784
1.35101,4.0495,0.551096,0.153625,-3.13798
1.35201,4.04965,0.547958,0.153143,-3.13813
1.35301,4.0498,0.54482,0.152661,-3.13827
1.35401,4.04996,0.541682,0.152182,-3.13841
1.35501,4.05011,0.538543,0.151704,-3.13854
1.35601,4.05026,0.535405,0.151227,-3.13868
1.35701,4.05041,0.532266,0.150752,-3.13882
1.35801,4.05056,0.529127,0.150278,-3.13896
1.35901,4.05071,0.525988,0.149806,-3.13909
1.36001,4.05086,0.522849,0.149335,-3.13923
1.36101,4.05101,0.51971,0.148866,-3.13936
1.36201,4.05116,0.51657,0.148398,-3.13949
1.36301,4.05131,0.513431,0.147931,-3.13963
1.36401,4.05146,0.510291,0.147466,-3.13976
1.36501,4.0516,0.507152,0.147003,-3.13989
1.36601,4.05175,0.504012,0.146541,-3.14002
1.36701,4.0519,0.500872,0.14608,-3.14015
1.36801,4.05204,0.497732,0.145621,-3.14028
1.36901,4.05219,0.494591,0.145163,-3.14041
1.37001,4.05233,0.491451,0.144707,-3.14053
1.37101,4.05248,0.48831,0.144252,-3.14066
1.37201,4.05262,0.48517,0.143798,-3.14079
1.37301,4.05277,0.482029,0.143346,-3.14091
1.37401,4.05291,0.478888,0.142895,-3.14104
1.37501,4.05305,0.475747,0.142446,-3.14116
1.37601,4.0532,0.472606,0.141998,-3.14128
1.37701,4.05334,0.469464,0.141552,-3.1414
1.37801,4.05348,0.466323,0.141107,-3.14153
1.37901,4.05362,0.463182,0.140663,-3.14165
1.38001,4.05376,0.46004,0.140221,-3.14177
1.38101,4.0539,0.456898,0.13978,-3.14189
1.38201,4.05404,0.453756,0.13934,-3.14201
1.38301,4.05418,0.450614,0.138902,-3.14212
1.38401,4.05432,0.447472,0.138465,-3.14224
1.38501,4.05446,0.44433,0.138029,-3.14236
1.38601,4.0546,0.441188,0.137595,-3.14247
1.38701,4.05473,0.438045,0.137162,-3.14259
1.38801,4.05487,0.434902,0.136731,-3.1427
1.38901,4.05501,0.43176,0.136301,-3.14282
1.39001,4.05514,0.428617,0.135872,-3.14293
1.39101,4.05528,0.425474,0.135445,-3.14304
1.39201,4.05542,0.422331,0.135018,-3.14316
1.39301,4.05555,0.419188,0.134594,-3.14327
1.39401,4.05569,0.416045,0.13417,-3.14338
1.39501,4.05582,0.412901,0.133748,-3.14349
1.39601,4.05595,0.409758,0.133327,-3.1436
1.39701,4.05609,0.406614,0.132908,-3.14371
1.39801,4.05622,0.40347,0.13249,-3.14382
1.39901,4.05635,0.400327,0.132073,-3.14392
1.40001,4.05648,0.397183,0.131657,-3.14403
1.40101,4.05662,0.394039,0.131243,-3.14414
1.40201,4.05675,0.390894,0.13083,-3.14424
1.40301,4.05688,0.38775,0.130418,-3.14435
1.40401,4.05701,0.384606,0.130008,-3.14445
1.40501,4.05714,0.381461,0.129598,-3.14456
1.40601,4.05727,0.378317,0.129191,-3.14466
1.40701,4.0574,0.375172,0.128784,-3.14476
1.40801,4.05753,0.372027,0.128379,-3.14486
1.40901,4.05765,0.368883,0.127975,-3.14497
1.41001,4.05778,0.365738,0.127572,-3.14507
1.41101,4.05791,0.362593,0.12717,-3.14517
1.41201,4.05804,0.359447,0.12677,-3.14527
1.41301,4.05816,0.356302,0.126371,-3.14537
1.41401,4.05829,0.353157,0.125973,-3.14547
1.41501,4.05842,0.350011,0.125577,-3.14556
1.41601,4.05854,0.346866,0.125181,-3.14566
1.41701,4.05867,0.34372,0.124787,-3.14576
1.41801,4.05879,0.340574,0.124394,-3.14585
1.41901,4.05892,0.337428,0.124003,-3.14595
1.42001,4.05904,0.334282,0.123612,-3.14605
1.42101,4.05916,0.331136,0.123223,-3.14614
1.42201,4.05929,0.32799,0.122835,-3.14623
1.42301,4.05941,0.324844,0.122448,-3.14633
1.42401,4.05953,0.321698,0.122063,-3.14642
1.42501,4.05965,0.318551,0.121678,-3.14651
1.42601,4.05978,0.315405,0.121295,-3.14661
1.42701,4.0599,0.312258,0.120913,-3.1467
1.42801,4.06002,0.309111,0.120533,-3.14679
1.42901,4.06014,0.305965,0.120153,-3.14688
1.43001,4.06026,0.302818,0.119775,-3.14697
1.43101,4.06038,0.299671,0.119397,-3.14706
1.43201,4.0605,0.296524,0.119021,-3.14715
1.43301,4.06062,0.293377,0.118647,-3.14724
1.43401,4.06074,0.290229,0.118273,-3.14732
1.43501,4.06085,0.287082,0.1179,-3.14741
1.43601,4.06097,0.283935,0.117529,-3.1475
1.43701,4.06109,0.280787,0.117159,-3.14758
1.43801,4.06121,0.27764,0.11679,-3.14767
1.43901,4.06132,0.274492,0.116422,-3.14776
1.44001,4.06144,0.271344,0.116055,-3.14784
1.44101,4.06156,0.268196,0.11569,-3.14792
1.44201,4.06167,0.265048,0.115325,-3.14801
1.44301,4.06179,0.2619,0.114962,-3.14809
1.44401,4.0619,0.258752,0.1146,-3.14817
1.44501,4.06202,0.255604,0.114239,-3.14826
1.44601,4.06213,0.252456,0.113879,-3.14834
1.44701,4.06224,0.249308,0.11352,-3.14842
1.44801,4.06236,0.246159,0.113162,-3.1485
1.44901,4.06247,0.243011,0.112806,-3.14858
1.45001,4.06258,0.239862,0.112451,-3.14866
1.45101,4.0627,0.236713,0.112096,-3.14874
1.45201,4.06281,0.233565,0.111743,-3.14882
1.45301,4.06292,0.230416,0.111391,-3.1489
1.45401,4.06303,0.227267,0.11104,-3.14898
1.45501,4.06314,0.224118,0.11069,-3.14906
1.45601,4.06325,0.220969,0.110341,-3.14913
1.45701,4.06336,0.21782,0.109994,-3.14921
1.45801,4.06347,0.214671,0.109647,-3.14929
1.45901,4.06358,0.211521,0.109302,-3.14936
1.46001,4.06369,0.208372,0.108957,-3.14944
1.46101,4.0638,0.205222,0.108614,-3.14951
1.46201,4.06391,0.202073,0.108271,-3.14959
1.46301,4.06402,0.198923,0.10793,-3.14966
1.46401,4.06413,0.195774,0.10759,-3.14974
1.46501,4.06423,0.192624,0.107251,-3.14981
1.46601,4.06434,0.189474,0.106913,-3.14988
1.46701,4.06445,0.186324,0.106576,-3.14995
1.46801,4.06455,0.183174,0.10624,-3.15003
1.46901,4.06466,0.180024,0.105905,-3.1501
1.47001,4.06477,0.176874,0.105571,-3.15017
1.47101,4.06487,0.173724,0.105239,-3.15024
1.47201,4.06498,0.170574,0.104907,-3.15031
1.47301,4.06508,0.167423,0.104576,-3.15038
1.47401,4.06519,0.164273,0.104247,-3.15045
1.47501,4.06529,0.161123,0.103918,-3.15052
1.47601,4.06539,0.157972,0.103591,-3.15059
1.47701,4.0655,0.154821,0.103264,-3.15066
1.47801,4.0656,0.151671,0.102938,-3.15073
1.47901,4.0657,0.14852,0.102614,-3.15079
1.48001,4.06581,0.145369,0.10229,-3.15086
1.48101,4.06591,0.142218,0.101968,-3.15093
1.48201,4.06601,0.139068,0.101647,-3.15099
1.48301,4.06611,0.135917,0.101326,-3.15106
1.48401,4.06621,0.132765,0.101007,-3.15113
1.48501,4.06632,0.129614,0.100688,-3.15119
1.48601,4.06642,0.126463,0.100371,-3.15126
1.48701,4.06652,0.123312,0.100054,-3.15132
1.48801,4.06662,0.120161,0.0997388,-3.15138
1.48901,4.06672,0.117009,0.0994243,-3.15145
1.49001,4.06682,0.113858,0.0991108,-3.15151
1.49101,4.06691,0.110706,0.0987983,-3.15157
1.49201,4.06701,0.107555,0.0984868,-3.15164
1.49301,4.06711,0.104403,0.0981763,-3.1517
1.49401,4.06721,0.101251,0.0978667,-3.15176
1.49501,4.06731,0.0980996,0.0975581,-3.15182
1.49601,4.06741,0.0949477,0.0972505,-3.15188
1.49701,4.0675,0.0917959,0.0969438,-3.15195
1.49801,4.0676,0.0886439,0.0966381,-3.15201
1.49901,4.0677,0.0854919,0.0963333,-3.15207
1.50001,4.06779,0.0823398,0.0960296,-3.15213
1.50101,4.06789,0.0791877,0.0957267,-3.15219
1.50201,4.06798,0.0760355,0.0954248,-3.15224
1.50301,4.06808,0.0728833,0.0951239,-3.1523
1.50401,4.06818,0.069731,0.0948239,-3.15236
1.50501,4.06827,0.0665786,0.0945248,-3.15242
1.50601,4.06836,0.0634262,0.0942267,-3.15248
1.50701,4.06846,0.0602737,0.0939295,-3.15253
1.50801,4.06855,0.0571212,0.0936333,-3.15259
1.50901,4.06865,0.0539686,0.093338,-3.15265
1.51001,4.06874,0.0508159,0.0930436,-3.15271
1.51101,4.06883,0.0476632,0.0927501,-3.15276
1.51201,4.06893,0.0445105,0.0924576,-3.15282
1.51301,4.06902,0.0413577,0.0921659,-3.15287
1.51401,4.06911,0.0382048,0.0918752,-3.15293
1.51501,4.0692,0.0350519,0.0915854,-3.15298
1.51601,4.06929,0.0318989,0.0912965,-3.15304
1.51701,4.06938,0.0287458,0.0910086,-3.15309
1.51801,4.06948,0.0255927,0.0907215,-3.15315
1.51901,4.06957,0.0224396,0.0904353,-3.1532
1.52002,4.06966,0.0192864,0.09015,-3.15325
1.52102,4.06975,0.0161332,0.0898657,-3.1533
1.52202,4.06984,0.0129798,0.0895822,-3.15336
1.52302,4.06993,0.00982649,0.0892996,-3.15341
1.52402,4.07002,0.00667308,0.0890179,-3.15346
1.52502,4.07011,0.00351962,0.088737,-3.15351
1.52602,4.07019,0.000366101,0.0884571,-3.15357
1.52702,4.07028,-0.00278746,0.088178,-3.15362
1.52802,4.07037,-0.00594108,0.0878998,-3.15367
1.52902,4.07046,-0.00909475,0.0876225,-3.15372
1.53002,4.07055,-0.0122485,0.0873461,-3.15377
1.53102,4.07063,-0.0154022,0.0870705,-3.15382
1.53202,4.07072,-0.0185561,0.0867958,-3.15387
1.53302,4.07081,-0.0217099,0.0865219,-3.15392
1.53402,4.07089,-0.0248638,0.086249,-3.15397
1.53502,4.07098,-0.0280178,0.0859768,-3.15401
1.53602,4.07107,-0.0311718,0.0857056,-3.15406
1.53702,4.07115,-0.0343259,0.0854351,-3.15411
1.53802,4.07124,-0.03748,0.0851656,-3.15416
1.53902,4.07132,-0.0406341,0.0848968,-3.15421
1.54002,4.07141,-0.0437884,0.084629,-3.15425
1.54102,4.07149,-0.0469426,0.0843619,-3.1543
1.54202,4.07158,-0.0500969,0.0840957,-3.15435
1.54302,4.07166,-0.0532513,0.0838304,-3.15439
1.54402,4.07174,-0.0564057,0.0835658,-3.15444
1.54502,4.07183,-0.0595601,0.0833021,-3.15449
1.54602,4.07191,-0.0627146,0.0830393,-3.15453
1.54702,4.07199,-0.0658691,0.0827772,-3.15458
1.54802,4.07208,-0.0690237,0.082516,-3.15462
1.54902,4.07216,-0.0721783,0.0822556,-3.15467
1.55002,4.07224,-0.075333,0.081996,-3.15471
1.55102,4.07232,-0.0784877,0.0817373,-3.15476
1.55202,4.07241,-0.0816425,0.0814793,-3.1548
1.55302,4.07249,-0.0847973,0.0812222,-3.15485
1.55402,4.07257,-0.0879521,0.0809659,-3.15489
1.55502,4.07265,-0.091107,0.0807103,-3.15493
1.55602,4.07273,-0.0942619,0.0804556,-3.15498
1.55702,4.07281,-0.0974169,0.0802017,-3.15502
1.55802,4.07289,-0.100572,0.0799486,-3.15506
1.55902,4.07297,-0.103727,0.0796963,-3.1551
1.56002,4.07305,-0.106882,0.0794447,-3.15515
1.56102,4.07313,-0.110037,0.079194,-3.15519
1.56202,4.07321,-0.113192,0.078944,-3.15523
1.56302,4.07329,-0.116348,0.0786949,-3.15527
1.56402,4.07337,-0.119503,0.0784465,-3.15531
1.56502,4.07344,-0.122658,0.0781989,-3.15535
1.56602,4.07352,-0.125814,0.0779521,-3.15539
1.56702,4.0736,-0.128969,0.077706,-3.15543
1.56802,4.07368,-0.132124,0.0774608,-3.15547
1.56902,4.07376,-0.13528,0.0772163,-3.15551
1.57002,4.07383,-0.138435,0.0769725,-3.15555
1.57102,4.07391,-0.141591,0.0767296,-3.15559
1.57202,4.07399,-0.144747,0.0764874,-3.15563
1.57302,4.07406,-0.147902,0.0762459,-3.15567
1.57402,4.07414,-0.151058,0.0760053,-3.15571
1.57502,4.07422,-0.154214,0.0757653,-3.15575
1.57602,4.07429,-0.157369,0.0755262,-3.15579
1.57702,4.07437,-0.160525,0.0752878,-3.15583
1.57802,4.07444,-0.163681,0.0750501,-3.15586
1.57902,4.07452,-0.166837,0.0748132,-3.1559
1.58002,4.07459,-0.169993,0.074577,-3.15594
1.58102,4.07467,-0.173149,0.0743416,-3.15598
1.58202,4.07474,-0.176305,0.0741069,-3.15601
1.58302,4.07482,-0.179461,0.073873,-3.15605
1.58402,4.07489,-0.182617,0.0736397,-3.15609
1.58502,4.07496,-0.185773,0.0734073,-3.15612
1.58602,4.07504,-0.188929,0.0731755,-3.15616
1.58702,4.07511,-0.192085,0.0729445,-3.1562
1.58802,4.07518,-0.195241,0.0727142,-3.15623
1.58902,4.07525,-0.198397,0.0724847,-3.15627
1.59002,4.07533,-0.201554,0.0722558,-3.1563
1.59102,4.0754,-0.20471,0.0720277,-3.15634
1.59202,4.07547,-0.207866,0.0718003,-3.15637
1.59302,4.07554,-0.211023,0.0715736,-3.15641
1.59402,4.07561,-0.214179,0.0713476,-3.15644
1.59502,4.07569,-0.217336,0.0711224,-3.15648
1.59602,4.07576,-0.220492,0.0708978,-3.15651
1.59702,4.07583,-0.223649,0.070674,-3.15654
1.59802,4.0759,-0.226805,0.0704508,-3.15658
1.59902,4.07597,-0.229962,0.0702284,-3.15661
1.60002,4.07604,-0.233118,0.0700066,-3.15664
1.60102,4.07611,-0.236275,0.0697856,-3.15668
1.60202,4.07618,-0.239432,0.0695653,-3.15671
1.60302,4.07625,-0.242588,0.0693456,-3.15674
1.60402,4.07632,-0.245745,0.0691267,-3.15678
1.60502,4.07639,-0.248902,0.0689084,-3.15681
1.60602,4.07646,-0.252059,0.0686908,-3.15684
1.60702,4.07653,-0.255216,0.0684739,-3.15687
1.60802,4.07659,-0.258372,0.0682577,-3.1569
1.60902,4.07666,-0.261529,0.0680422,-3.15694
1.61002,4.07673,-0.264686,0.0678273,-3.15697
1.61102,4.0768,-0.267843,0.0676131,-3.157
1.61202,4.07687,-0.271,0.0673996,-3.15703
1.61302,4.07693,-0.274157,0.0671868,-3.15706
1.61402,4.077,-0.277314,0.0669746,-3.15709
1.61502,4.07707,-0.280471,0.0667631,-3.15712
1.61602,4.07713,-0.283629,0.0665523,-3.15715
1.61702,4.0772,-0.286786,0.0663421,-3.15718
1.61802,4.07727,-0.289943,0.0661326,-3.15721
1.61902,4.07733,-0.2931,0.0659238,-3.15724
1.62002,4.0774,-0.296257,0.0657156,-3.15727
1.62102,4.07746,-0.299415,0.0655081,-3.1573
1.62202,4.07753,-0.302572,0.0653012,-3.15733
1.62302,4.0776,-0.305729,0.065095,-3.15736
1.62402,4.07766,-0.308887,0.0648894,-3.15739
1.62502,4.07773,-0.312044,0.0646845,-3.15742
1.62602,4.07779,-0.315201,0.0644802,-3.15745
1.62702,4.07785,-0.318359,0.0642766,-3.15747
1.62802,4.07792,-0.321516,0.0640736,-3.1575
1.62902,4.07798,-0.324674,0.0638712,-3.15753
1.63002,4.07805,-0.327831,0.0636695,-3.15756
1.63102,4.07811,-0.330989,0.0634684,-3.15759
1.63202,4.07817,-0.334146,0.063268,-3.15761
1.63302,4.07824,-0.337304,0.0630682,-3.15764
1.63402,4.0783,-0.340462,0.062869,-3.15767
1.63502,4.07836,-0.343619,0.0626704,-3.1577
1.63602,4.07843,-0.346777,0.0624725,-3.15772
1.63702,4.07849,-0.349935,0.0622752,-3.15775
1.63802,4.07855,-0.353093,0.0620785,-3.15778
1.63902,4.07861,-0.35625,0.0618824,-3.1578
1.64002,4.07867,-0.359408,0.061687,-3.15783
1.64102,4.07874,-0.362566,0.0614922,-3.15786
1.64202,4.0788,-0.365724,0.0612979,-3.15788
1.64302,4.07886,-0.368882,0.0611043,-3.15791
1.64402,4.07892,-0.37204,0.0609113,-3.15793
1.64502,4.07898,-0.375198,0.0607189,-3.15796
1.64602,4.07904,-0.378356,0.0605272,-3.15798
1.64702,4.0791,-0.381513,0.060336,-3.15801
1.64802,4.07916,-0.384671,0.0601454,-3.15804
1.64902,4.07922,-0.38783,0.0599554,-3.15806
1.65002,4.07928,-0.390988,0.059766,-3.15808
1.65102,4.07934,-0.394146,0.0595773,-3.15811
1.65202,4.0794,-0.397304,0.0593891,-3.15813
1.65302,4.07946,-0.400462,0.0592015,-3.15816
1.65402,4.07952,-0.40362,0.0590145,-3.15818
1.65502,4.07958,-0.406778,0.0588281,-3.15821
1.65602,4.07964,-0.409936,0.0586423,-3.15823
1.65702,4.0797,-0.413095,0.058457,-3.15825
1.65802,4.07976,-0.416253,0.0582724,-3.15828
1.65902,4.07981,-0.419411,0.0580883,-3.1583
1.66002,4.07987,-0.42257,0.0579048,-3.15833
1.66102,4.07993,-0.425728,0.0577219,-3.15835
1.66202,4.07999,-0.428886,0.0575395,-3.15837
1.66302,4.08004,-0.432045,0.0573578,-3.1584
1.66402,4.0801,-0.435203,0.0571766,-3.15842
1.66502,4.08016,-0.438361,0.056996,-3.15844
1.66602,4.08022,-0.44152,0.0568159,-3.15846
1.66702,4.08027,-0.444678,0.0566365,-3.15849
1.66802,4.08033,-0.447837,0.0564575,-3.15851
1.66902,4.08039,-0.450995,0.0562792,-3.15853
1.67002,4.08044,-0.454154,0.0561014,-3.15855
1.67102,4.0805,-0.457312,0.0559242,-3.15857
1.67202,4.08055,-0.460471,0.0557475,-3.1586
1.67302,4.08061,-0.46363,0.0555714,-3.15862
1.67402,4.08067,-0.466788,0.0553958,-3.15864
1.67502,4.08072,-0.469947,0.0552208,-3.15866
1.67602,4.08078,-0.473105,0.0550464,-3.15868
1.67702,4.08083,-0.476264,0.0548725,-3.1587
1.67802,4.08089,-0.479423,0.0546991,-3.15872
1.67902,4.08094,-0.482582,0.0545263,-3.15875
1.68002,4.081,-0.48574,0.0543541,-3.15877
1.68102,4.08105,-0.488899,0.0541824,-3.15879
1.68202,4.0811,-0.492058,0.0540112,-3.15881
1.68302,4.08116,-0.495217,0.0538405,-3.15883
1.68402,4.08121,-0.498376,0.0536704,-3.15885
1.68502,4.08127,-0.501534,0.0535009,-3.15887
1.68602,4.08132,-0.504693,0.0533319,-3.15889
1.68702,4.08137,-0.507852,0.0531634,-3.15891
1.68802,4.08143,-0.511011,0.0529954,-3.15893
1.68902,4.08148,-0.51417,0.052828,-3.15895
1.69002,4.08153,-0.517329,0.0526611,-3.15897
1.69102,4.08158,-0.520488,0.0524947,-3.15899
1.69202,4.08164,-0.523647,0.0523288,-3.15901
1.69302,4.08169,-0.526806,0.0521635,-3.15903
1.69402,4.08174,-0.529965,0.0519987,-3.15905
1.69502,4.08179,-0.533124,0.0518344,-3.15906
1.69602,4.08184,-0.536283,0.0516706,-3.15908
1.69702,4.0819,-0.539442,0.0515074,-3.1591
1.69802,4.08195,-0.542601,0.0513446,-3.15912
1.69902,4.082,-0.54576,0.0511824,-3.15914
1.70002,4.08205,-0.548919,0.0510207,-3.15916
1.70102,4.0821,-0.552079,0.0508595,-3.15918
1.70202,4.08215,-0.555238,0.0506988,-3.1592
1.70302,4.0822,-0.558397,0.0505386,-3.15921
1.70402,4.08225,-0.561556,0.0503789,-3.15923
1.70502,4.0823,-0.564715,0.0502198,-3.15925
1.70602,4.08235,-0.567875,0.0500611,-3.15927
1.70702,4.0824,-0.571034,0.0499029,-3.15929
1.70802,4.08245,-0.574193,0.0497452,-3.1593
1.70902,4.0825,-0.577353,0.049588,-3.15932
1.71002,4.08255,-0.580512,0.0494314,-3.15934
1.71102,4.0826,-0.583671,0.0492752,-3.15936
1.71202,4.08265,-0.586831,0.0491195,-3.15937
1.71302,4.0827,-0.58999,0.0489643,-3.15939
1.71402,4.08275,-0.593149,0.0488096,-3.15941
1.71502,4.0828,-0.596309,0.0486553,-3.15942
1.71602,4.08285,-0.599468,0.0485016,-3.15944
1.71702,4.0829,-0.602628,0.0483483,-3.15946
1.71802,4.08294,-0.605787,0.0481956,-3.15947
1.71902,4.08299,-0.608947,0.0480433,-3.15949
1.72002,4.08304,-0.612106,0.0478915,-3.15951
1.72102,4.08309,-0.615266,0.0477401,-3.15952
1.72202,4.08314,-0.618425,0.0475893,-3.15954
1.72302,4.08318,-0.621585,0.0474389,-3.15956
1.72402,4.08323,-0.624744,0.047289,-3.15957
1.72502,4.08328,-0.627904,0.0471396,-3.15959
1.72602,4.08333,-0.631063,0.0469906,-3.1596
1.72702,4.08337,-0.634223,0.0468421,-3.15962
1.72802,4.08342,-0.637383,0.0466941,-3.15964
1.72902,4.08347,-0.640542,0.0465465,-3.15965
1.73002,4.08351,-0.643702,0.0463995,-3.15967
1.73102,4.08356,-0.646861,0.0462528,-3.15968
1.73202,4.08361,-0.650021,0.0461067,-3.1597
1.73302,4.08365,-0.653181,0.045961,-3.15971
1.73403,4.0837,-0.656341,0.0458157,-3.15973
1.73503,4.08374,-0.6595,0.045671,-3.15974
1.73603,4.08379,-0.66266,0.0455266,-3.15976
1.73703,4.08383,-0.66582,0.0453828,-3.15977
1.73803,4.08388,-0.66898,0.0452394,-3.15979
1.73903,4.08393,-0.672139,0.0450964,-3.1598
1.74003,4.08397,-0.675299,0.0449539,-3.15982
1.74103,4.08402,-0.678459,0.0448118,-3.15983
1.74203,4.08406,-0.681619,0.0446702,-3.15985
1.74303,4.08411,-0.684779,0.044529,-3.15986
1.74403,4.08415,-0.687939,0.0443883,-3.15987
1.74503,4.08419,-0.691098,0.044248,-3.15989
1.74603,4.08424,-0.694258,0.0441082,-3.1599
1.74703,4.08428,-0.697418,0.0439688,-3.15992
1.74803,4.08433,-0.700578,0.0438299,-3.15993
1.74903,4.08437,-0.703738,0.0436914,-3.15994
1.75003,4.08441,-0.706898,0.0435533,-3.15996
1.75103,4.08446,-0.710058,0.0434156,-3.15997
1.75203,4.0845,-0.713218,0.0432784,-3.15999
1.75303,4.08454,-0.716378,0.0431417,-3.16
1.75403,4.08459,-0.719538,0.0430053,-3.16001
1.75503,4.08463,-0.722698,0.0428694,-3.16003
1.75603,4.08467,-0.725858,0.0427339,-3.16004
1.75703,4.08472,-0.729018,0.0425989,-3.16005
1.75803,4.08476,-0.732178,0.0424643,-3.16007
1.75903,4.0848,-0.735338,0.0423301,-3.16008
1.76003,4.08484,-0.738498,0.0421963,-3.16009
1.76103,4.08489,-0.741658,0.0420629,-3.1601
1.76203,4.08493,-0.744818,0.04193,-3.16012
1.76303,4.08497,-0.747978,0.0417975,-3.16013
1.76403,4.08501,-0.751139,0.0416654,-3.16014
1.76503,4.08505,-0.754299,0.0415337,-3.16016
1.76603,4.08509,-0.757459,0.0414024,-3.16017
1.76703,4.08514,-0.760619,0.0412716,-3.16018
1.76803,4.08518,-0.763779,0.0411411,-3.16019
1.76903,4.08522,-0.766939,0.0410111,-3.16021
1.77003,4.08526,-0.7701,0.0408815,-3.16022
1.77103,4.0853,-0.77326,0.0407523,-3.16023
1.77203,4.08534,-0.77642,0.0406235,-3.16024
1.77303,4.08538,-0.77958,0.0404951,-3.16025
1.77403,4.08542,-0.782741,0.0403671,-3.16027
1.77503,4.08546,-0.785901,0.0402395,-3.16028
1.77603,4.0855,-0.789061,0.0401124,-3.16029
1.77703,4.08554,-0.792221,0.0399856,-3.1603
1.77803,4.08558,-0.795382,0.0398592,-3.16031
1.77903,4.08562,-0.798542,0.0397332,-3.16033
1.78003,4.08566,-0.801702,0.0396077,-3.16034
1.78103,4.0857,-0.804863,0.0394825,-3.16035
1.78203,4.08574,-0.808023,0.0393577,-3.16036
1.78303,4.08578,-0.811183,0.0392333,-3.16037
1.78403,4.08582,-0.814344,0.0391093,-3.16038
1.78503,4.08586,-0.817504,0.0389857,-3.16039
1.78603,4.0859,-0.820665,0.0388625,-3.1604
1.78703,4.08594,-0.823825,0.0387396,-3.16042
1.78803,4.08598,-0.826985,0.0386172,-3.16043
1.78903,4.08601,-0.830146,0.0384951,-3.16044
1.79003,4.08605,-0.833306,0.0383735,-3.16045
1.79103,4.08609,-0.836467,0.0382522,-3.16046
1.79203,4.08613,-0.839627,0.0381313,-3.16047
1.79303,4.08617,-0.842788,0.0380107,-3.16048
1.79403,4.08621,-0.845948,0.0378906,-3.16049
1.79503,4.08624,-0.849109,0.0377708,-3.1605
1.79603,4.08628,-0.852269,0.0376515,-3.16051
1.79703,4.08632,-0.85543,0.0375325,-3.16052
1.79803,4.08636,-0.85859,0.0374138,-3.16053
1.79903,4.08639,-0.861751,0.0372956,-3.16054
